walk: algebras 8030 outdeg-2 rows 3716 150s
per-(row,i) categories (cat, class-basis ok): {('one-sided', True): 1994, ('J!=0', True): 46, ('22-type', True): 26, ('22-type', False): 2, ('one-sided', False): 2} not ok: 4
22-type rows (i level): component shapes (edges, nonground vertices, ground endpoints):
   ((2, 2, 1),) 20
   ((2, 2, 2),) 6
ALL categories x component shapes:
   ('22-type', ((2, 2, 1),)) 20
   ('22-type', ((2, 2, 2),)) 6
   ('J!=0', ((2, 1, 2),)) 46
   ('one-sided', ((2, 2, 2),)) 1
   ('one-sided', ((2, 3, 0),)) 11
   ('one-sided', ()) 1982
EXAMPLE i=5 v=3 rels=[[[2, 4, 5, 7]], [[4, 5, 3]], [[4, 5, 3], [4, 5, 7, 3]], [[5, 3, 1]], [[5, 3, 6], [5, 7, 3, 6]], [[5, 7, 3, 6, 8]], [[7, 3, 1, 8], [7, 3, 6, 8]]]
EXAMPLE i=5 v=1 rels=[[[2, 4, 5, 7]], [[4, 5, 1]], [[4, 5, 1], [4, 5, 7, 1]], [[5, 1, 3]], [[5, 1, 6], [5, 7, 1, 6]], [[5, 7, 1, 6, 8]], [[7, 1, 3, 8], [7, 1, 6, 8]]]
dim e_iAe_v over all (row,i) with a path i->v (outdeg-2 admitted v): {0: 1020, 1: 5492, 2: 261, 3: 3}
NOT-OK example ('22-type', 5, 3, [[[2, 5, 4]], [[2, 5, 7]], [[4, 3, 1]], [[4, 3, 1, 8]], [[4, 3, 6]], [[4, 3, 6, 8]], [[5, 4, 3], [5, 4, 3], [5, 7, 3]], [[7, 3, 1, 8], [7, 3, 6, 8]]], 10)
NOT-OK example ('22-type', 5, 1, [[[2, 5, 4]], [[2, 5, 7]], [[4, 1, 3]], [[4, 1, 3, 8]], [[4, 1, 6]], [[4, 1, 6, 8]], [[5, 4, 1], [5, 4, 1], [5, 7, 1]], [[7, 1, 3, 8], [7, 1, 6, 8]]], 10)
NOT-OK example ('one-sided', 5, 1, [[[1, 6, 8]], [[1, 6, 8], [1, 6, 8], [1, 7, 8]], [[1, 6, 8], [1, 7, 8]], [[2, 5, 1]], [[2, 5, 4]], [[3, 1, 6], [3, 4, 6]], [[3, 1, 7]], [[4, 1, 6, 8]], [[4, 1, 6, 8], [4, 6, 8]], [[4, 1, 6, 8], [4, 6, 8]], [[4, 6, 8]], [[4, 6, 8]], [[5, 1, 6], [5, 4, 1, 6], [5, 4, 6]], [[5, 1, 7]]], 15)
