8 002302 depth 2
8 022302 depth 2
8 023020 depth 2
8 023022 depth 2
8 024002 depth 2
8 202302 depth 2
8 222302 depth 2
8 223020 depth 2
8 223022 depth 3
8 224002 depth 2
8 230200 depth 2
8 230202 depth 2
8 230220 depth 2
8 230222 depth 2
8 230302 depth 2
8 240020 depth 2
8 240022 depth 2
8 250002 depth 2
9 0002302 depth 2
9 0022302 depth 2
9 0023020 depth 2
9 0023022 depth 2
9 0024002 depth 2
9 0202302 depth 2
9 0222302 depth 2
9 0223020 depth 2
9 0223022 depth 3
9 0224002 depth 2
9 0230200 depth 2
9 0230202 depth 2
9 0230220 depth 2
9 0230222 depth 2
9 0230302 depth 2
9 0240020 depth 2
9 0240022 depth 2
9 0250002 depth 2
9 2002302 depth 2
9 2022302 depth 2
9 2023020 depth 2
9 2023022 depth 2
9 2024002 depth 2
9 2202302 depth 2
9 2222302 depth 2
9 2223020 depth 2
9 2223022 depth 3
9 2224002 depth 2
9 2230200 depth 2
9 2230202 depth 2
9 2230220 depth 3
9 2230222 depth 3
9 2230302 depth 2
9 2240020 depth 2
9 2240022 depth 3
9 2250002 depth 2
9 2302000 depth 2
9 2302002 depth 2
9 2302020 depth 2
9 2302022 depth 2
9 2302200 depth 2
9 2302202 depth 2
9 2302220 depth 2
9 2302222 depth 2
9 2302302 depth 2
9 2303020 depth 2
9 2303022 depth 2
9 2304002 depth 2
9 2400200 depth 2
9 2400202 depth 2
9 2400220 depth 2
9 2400222 depth 2
9 2400302 depth 2
9 2500020 depth 2
9 2500022 depth 2
9 2600002 depth 2
10 00002302 depth 2
10 00022302 depth 2
10 00023020 depth 2
10 00023022 depth 2
10 00024002 depth 2
10 00202302 depth 2
10 00222302 depth 2
10 00223020 depth 2
10 00223022 depth 3
10 00224002 depth 2
10 00230200 depth 2
10 00230202 depth 2
10 00230220 depth 2
10 00230222 depth 2
10 00230302 depth 2
10 00240020 depth 2
10 00240022 depth 2
10 00250002 depth 2
10 02002302 depth 2
10 02022302 depth 2
10 02023020 depth 2
10 02023022 depth 2
10 02024002 depth 2
10 02202302 depth 2
10 02222302 depth 2
10 02223020 depth 2
10 02223022 depth 3
10 02224002 depth 2
10 02230200 depth 2
10 02230202 depth 2
10 02230220 depth 3
10 02230222 depth 3
10 02230302 depth 2
10 02240020 depth 2
10 02240022 depth 3
10 02250002 depth 2
10 02302000 depth 2
10 02302002 depth 2
10 02302020 depth 2
10 02302022 depth 2
10 02302200 depth 2
10 02302202 depth 2
10 02302220 depth 2
10 02302222 depth 2
10 02302302 depth 2
10 02303020 depth 2
10 02303022 depth 2
10 02304002 depth 2
10 02400200 depth 2
10 02400202 depth 2
10 02400220 depth 2
10 02400222 depth 2
10 02400302 depth 2
10 02500020 depth 2
10 02500022 depth 2
10 02600002 depth 2
10 20002302 depth 2
10 20022302 depth 2
10 20023020 depth 2
10 20023022 depth 2
10 20024002 depth 2
10 20202302 depth 2
10 20222302 depth 2
10 20223020 depth 2
10 20223022 depth 3
10 20224002 depth 2
10 20230200 depth 2
10 20230202 depth 2
10 20230220 depth 2
10 20230222 depth 2
10 20230302 depth 2
10 20240020 depth 2
10 20240022 depth 2
10 20250002 depth 2
10 22002302 depth 2
10 22022302 depth 2
10 22023020 depth 2
10 22023022 depth 2
10 22024002 depth 2
10 22202302 depth 2
10 22222302 depth 2
10 22223020 depth 2
10 22223022 depth 3
10 22224002 depth 2
10 22230200 depth 2
10 22230202 depth 2
10 22230220 depth 3
10 22230222 depth 4
10 22230302 depth 2
10 22240020 depth 2
10 22240022 depth 3
10 22250002 depth 2
10 22302000 depth 2
10 22302002 depth 2
10 22302020 depth 2
10 22302022 depth 2
10 22302200 depth 3
10 22302202 depth 3
10 22302220 depth 3
10 22302222 depth 3
10 22302302 depth 2
10 22303020 depth 2
10 22303022 depth 3
10 22304002 depth 2
10 22400200 depth 2
10 22400202 depth 2
10 22400220 depth 3
10 22400222 depth 3
10 22400302 depth 2
10 22500020 depth 2
10 22500022 depth 3
10 22600002 depth 2
10 23020000 depth 2
10 23020002 depth 2
10 23020020 depth 2
10 23020022 depth 2
10 23020200 depth 2
10 23020202 depth 2
10 23020220 depth 2
10 23020222 depth 2
10 23022000 depth 2
10 23022002 depth 2
10 23022020 depth 2
10 23022022 depth 2
10 23022200 depth 2
10 23022202 depth 2
10 23022220 depth 2
10 23022222 depth 2
10 23022302 depth 2
10 23023020 depth 2
10 23023022 depth 2
10 23024002 depth 2
10 23030200 depth 2
10 23030202 depth 2
10 23030220 depth 2
10 23030222 depth 2
10 23030302 depth 2
10 23040020 depth 2
10 23040022 depth 2
10 23050002 depth 2
10 24002000 depth 2
10 24002002 depth 2
10 24002020 depth 2
10 24002022 depth 2
10 24002200 depth 2
10 24002202 depth 2
10 24002220 depth 2
10 24002222 depth 2
10 24002302 depth 2
10 24003020 depth 2
10 24003022 depth 2
10 24004002 depth 2
10 25000200 depth 2
10 25000202 depth 2
10 25000220 depth 2
10 25000222 depth 2
10 25000302 depth 2
10 26000020 depth 2
10 26000022 depth 2
10 27000002 depth 2
