n 6 samples 6000 seed 3 mode A 19s
parents 6000
('gate', 'rej', '-', '-', '-') 12
('gate', 'rej', 'Lrels', 'shaped', 'genuine') 4026
('gate', 'tilt', '-', '-', '-') 22397
('gate', 'tilt', 'Lrels', 'shaped', '-') 149
('refused', 'rej', '-', '-', '-') 419
('refused', 'rej', 'Lrels', 'shaped', '-') 28
('refused', 'rej', 'Lrels', 'shaped', 'genuine') 1088
examples A 0
examples B 12
   ([(1, 2), (1, 3), (2, 4), (2, 5), (3, 4), (3, 6), (4, 5), (4, 6)], [[[1, 2, 4, 5], [1, 3, 4, 5]], [[1, 2, 4, 6], [1, 3, 4, 6]], [[1, 3, 6]]], 4, ('gate', 'rej', '-', '-', '-'), 'outs', 2, 'perarrow', (True, True))
   ([(1, 2), (1, 3), (2, 3), (2, 4), (3, 4), (4, 5), (4, 6), (5, 6)], [[[1, 2, 4, 6], [1, 3, 4, 6]], [[1, 2, 3]], [[1, 2, 4, 5], [1, 3, 4, 5]]], 4, ('gate', 'rej', '-', '-', '-'), 'outs', 2, 'perarrow', (True, True))
   ([(1, 2), (1, 3), (2, 4), (3, 4), (3, 5), (4, 5), (4, 6)], [[[1, 2, 4, 6], [1, 3, 4, 6]], [[2, 4, 5]], [[1, 2, 4, 5], [1, 3, 4, 5]]], 4, ('gate', 'rej', '-', '-', '-'), 'outs', 2, 'perarrow', (True, True))
   ([(1, 2), (1, 3), (2, 3), (2, 4), (2, 5), (3, 4), (3, 5), (4, 5), (4, 6)], [[[1, 2, 4, 5], [1, 3, 4, 5]], [[1, 2, 4, 6], [1, 3, 4, 6]]], 4, ('gate', 'rej', '-', '-', '-'), 'outs', 2, 'perarrow', (True, True))
   ([(1, 2), (1, 3), (2, 4), (3, 4), (4, 5), (4, 6), (5, 6)], [[[1, 2, 4, 6], [1, 3, 4, 6]], [[1, 2, 4, 5], [1, 3, 4, 5]]], 4, ('gate', 'rej', '-', '-', '-'), 'outs', 2, 'perarrow', (True, True))
   ([(1, 2), (1, 3), (2, 4), (3, 4), (3, 6), (4, 5), (4, 6)], [[[1, 2, 4, 5], [1, 3, 4, 5]], [[2, 4, 6]], [[1, 2, 4, 6], [1, 3, 4, 6]]], 4, ('gate', 'rej', '-', '-', '-'), 'outs', 2, 'perarrow', (True, True))
   ([(1, 2), (1, 3), (2, 4), (2, 5), (3, 4), (3, 6), (4, 5), (4, 6)], [[[1, 2, 4, 5], [1, 3, 4, 5]], [[2, 4, 6]], [[3, 4, 6]]], 4, ('gate', 'rej', '-', '-', '-'), 'outs', 2, 'perarrow', (True, False))
   ([(1, 2), (1, 3), (2, 3), (2, 4), (3, 4), (3, 6), (4, 5), (4, 6), (5, 6)], [[[1, 2, 4, 6], [1, 3, 4, 6]], [[1, 2, 3]], [[1, 2, 3, 4, 6], [1, 2, 4, 5, 6], [1, 3, 4, 5, 6]]], 5, ('gate', 'rej', '-', '-', '-'), 'outs', 1, 'perarrow', (False,))
   ([(1, 2), (1, 3), (1, 4), (2, 3), (2, 4), (3, 4), (4, 5), (4, 6), (5, 6)], [[[1, 2, 4, 6], [1, 3, 4, 6]], [[1, 2, 4, 5], [1, 3, 4, 5]], [[1, 2, 3]]], 4, ('gate', 'rej', '-', '-', '-'), 'outs', 2, 'perarrow', (True, True))
   ([(1, 2), (1, 3), (1, 4), (2, 3), (2, 4), (3, 4), (3, 5), (3, 6), (4, 5), (4, 6), (5, 6)], [[[1, 2, 4, 6], [1, 3, 4, 6]], [[1, 2, 4, 5], [1, 3, 4, 5]]], 4, ('gate', 'rej', '-', '-', '-'), 'outs', 2, 'perarrow', (True, True))
   ([(1, 2), (1, 3), (1, 4), (2, 3), (2, 4), (3, 4), (3, 6), (4, 5), (4, 6)], [[[1, 2, 4, 5], [1, 3, 4, 5]], [[1, 2, 4, 6], [1, 3, 4, 6]]], 4, ('gate', 'rej', '-', '-', '-'), 'outs', 2, 'perarrow', (True, True))
   ([(1, 2), (1, 3), (2, 3), (2, 4), (3, 4), (4, 5), (4, 6), (5, 6)], [[[1, 2, 4, 6], [1, 3, 4, 6]], [[1, 2, 3, 4]], [[1, 2, 3, 4, 5]], [[1, 2, 4, 5], [1, 3, 4, 5]]], 4, ('gate', 'rej', '-', '-', '-'), 'outs', 2, 'perarrow', (True, True))
B by (outs, perarrow): Counter({(2, (True, True)): 10, (2, (True, False)): 1, (1, (False,)): 1})
