n 7 samples 4000 seed 4 mode A 19s
parents 4000
('gate', 'rej', '-', '-', '-') 11
('gate', 'rej', 'Lrels', 'shaped', 'genuine') 2377
('gate', 'tilt', '-', '-', '-') 18277
('gate', 'tilt', 'Lrels', 'shaped', '-') 83
('refused', 'rej', '-', '-', '-') 343
('refused', 'rej', 'Lrels', 'shaped', '-') 10
('refused', 'rej', 'Lrels', 'shaped', 'genuine') 526
examples A 0
examples B 11
   ([(1, 2), (1, 3), (2, 4), (2, 5), (3, 5), (5, 6), (5, 7), (6, 7)], [[[1, 2, 5, 7], [1, 3, 5, 7]], [[1, 2, 5, 6], [1, 3, 5, 6]], [[5, 6, 7]]], 5, ('gate', 'rej', '-', '-', '-'), 'outs', 2, 'perarrow', (True, True))
   ([(1, 2), (1, 3), (1, 4), (3, 5), (4, 5), (5, 6), (5, 7)], [[[1, 3, 5, 6], [1, 4, 5, 6]], [[1, 3, 5, 7], [1, 4, 5, 7]]], 5, ('gate', 'rej', '-', '-', '-'), 'outs', 2, 'perarrow', (True, True))
   ([(1, 2), (1, 4), (2, 5), (4, 5), (4, 7), (5, 6), (5, 7), (6, 7)], [[[1, 2, 5, 6], [1, 4, 5, 6]], [[1, 2, 5, 7], [1, 4, 5, 7]]], 5, ('gate', 'rej', '-', '-', '-'), 'outs', 2, 'perarrow', (True, True))
   ([(2, 3), (2, 4), (2, 5), (3, 5), (3, 6), (4, 5), (4, 6), (5, 6), (5, 7)], [[[2, 3, 5, 6], [2, 4, 5, 6]], [[2, 3, 5, 7], [2, 4, 5, 7]]], 5, ('gate', 'rej', '-', '-', '-'), 'outs', 2, 'perarrow', (True, True))
   ([(1, 2), (1, 3), (2, 3), (2, 4), (3, 4), (4, 5), (4, 6), (5, 7), (6, 7)], [[[1, 2, 4, 5], [1, 3, 4, 5]], [[4, 5, 7], [4, 6, 7]], [[3, 4, 5, 7], [3, 4, 6, 7]]], 6, ('gate', 'rej', '-', '-', '-'), 'outs', 1, 'perarrow', (False,))
   ([(1, 2), (1, 4), (2, 3), (2, 4), (2, 5), (3, 5), (3, 6), (4, 5), (4, 6), (5, 6), (5, 7)], [[[2, 3, 5, 6], [2, 4, 5, 6]], [[2, 3, 5, 7], [2, 4, 5, 7]]], 5, ('gate', 'rej', '-', '-', '-'), 'outs', 2, 'perarrow', (True, True))
   ([(1, 4), (2, 3), (2, 4), (2, 5), (3, 5), (3, 6), (4, 5), (5, 6), (5, 7), (6, 7)], [[[2, 3, 5, 7], [2, 4, 5, 7]], [[2, 3, 5, 6], [2, 4, 5, 6]]], 5, ('gate', 'rej', '-', '-', '-'), 'outs', 2, 'perarrow', (True, True))
   ([(1, 2), (1, 3), (2, 5), (3, 4), (3, 5), (3, 6), (4, 5), (4, 7), (5, 6), (5, 7), (6, 7)], [[[1, 2, 5, 7], [1, 3, 5, 7]], [[1, 2, 5, 6], [1, 3, 5, 6]]], 5, ('gate', 'rej', '-', '-', '-'), 'outs', 2, 'perarrow', (True, True))
   ([(1, 2), (1, 3), (2, 4), (2, 5), (3, 4), (3, 5), (3, 6), (4, 5), (5, 6), (5, 7)], [[[1, 2, 5, 6], [1, 3, 5, 6]], [[1, 2, 5, 7], [1, 3, 5, 7]]], 5, ('gate', 'rej', '-', '-', '-'), 'outs', 2, 'perarrow', (True, True))
   ([(1, 2), (1, 3), (1, 4), (2, 4), (3, 4), (3, 5), (4, 5), (4, 6), (5, 7), (6, 7)], [[[1, 2, 4, 6], [1, 3, 4, 6]], [[4, 5, 7], [4, 6, 7]]], 5, ('gate', 'rej', '-', '-', '-'), 'outs', 1, 'perarrow', (False,))
   ([(1, 2), (1, 3), (2, 3), (2, 5), (3, 4), (3, 5), (3, 6), (4, 5), (4, 7), (5, 6), (6, 7)], [[[1, 2, 5, 6], [1, 3, 5, 6]], [[1, 2, 3, 5, 6, 7], [1, 3, 4, 5, 6, 7]]], 6, ('gate', 'rej', '-', '-', '-'), 'outs', 1, 'perarrow', (False,))
B by (outs, perarrow): Counter({(2, (True, True)): 8, (1, (False,)): 3})
