core digsum len hi w=n-hi s k=n-s d=hi-s allfittingcentres
33 6 2 8 5 8 5 0 [1, 2, 3, 4, 5, 6, 7, 8, 9, 10, 11, 12, 13, 14, 15]
34 7 2 7 6 7 6 0 [1, 2, 3, 4, 5, 6, 7, 8, 9, 10, 11, 12, 13]
35 8 2 6 7 6 7 0 [1, 2, 3, 4, 5, 6, 7, 8, 9, 10, 11]
36 9 2 5 8 4 9 1 [2, 4, 6, 8]
44 8 2 7 6 7 6 0 [1, 2, 3, 4, 5, 6, 7, 8, 9, 10, 11, 12, 13]
45 9 2 6 7 5 8 1 [5]
46 10 2 5 8 4 9 1 [4]
55 10 2 6 7 6 7 0 [1, 2, 3, 4, 5, 6, 7, 8, 9, 10, 11]
56 11 2 5 8 4 9 1 [4]
66 12 2 5 8 5 8 0 [1, 2, 3, 4, 5, 6, 7, 8, 9]
333 9 3 7 6 7 6 0 [7]
334 10 3 6 7 5 8 1 [5]
335 11 3 5 8 3 10 2 [3]
336 12 3 4 9 1 12 3 [1]
345 12 3 5 8 5 8 0 [5]
346 13 3 4 9 4 9 0 [1, 2, 3, 4, 5, 6, 7]
355 13 3 5 8 5 8 0 [5]
356 14 3 4 9 5 8 -1 [5]
403 7 3 7 6 7 6 0 [1, 2, 3, 4, 5, 6, 7, 8, 9, 10, 11, 12, 13]
404 8 3 6 7 6 7 0 [1, 2, 3, 4, 5, 6, 7, 8, 9, 10, 11]
405 9 3 5 8 4 9 1 [2, 4, 6, 8]
406 10 3 4 9 4 9 0 [2, 4, 6]
444 12 3 6 7 6 7 0 [1, 2, 3, 4, 5, 6, 7, 8, 9, 10, 11]
445 13 3 5 8 5 8 0 [1, 2, 3, 4, 5, 6, 7, 8, 9]
446 14 3 4 9 4 9 0 [1, 2, 3, 4, 5, 6, 7]
455 14 3 5 8 5 8 0 [1, 2, 3, 4, 5, 6, 7, 8, 9]
456 15 3 4 9 4 9 0 [1, 2, 3, 4, 5, 6, 7]
466 16 3 4 9 4 9 0 [2, 4, 6]
504 9 3 6 7 7 6 -1 [7]
505 10 3 5 8 5 8 0 [5]
555 15 3 5 8 5 8 0 [5]
556 16 3 4 9 3 10 1 [3]
566 17 3 4 9 4 9 0 [4]
605 11 3 5 8 6 7 -1 [6]
606 12 3 4 9 4 9 0 [4]
666 18 3 4 9 4 9 0 [4]
3333 12 4 6 7 6 7 0 [1, 2, 3, 4, 5, 6, 7, 8, 9, 10, 11]
3334 13 4 5 8 5 8 0 [1, 2, 3, 4, 5, 6, 7, 8, 9]
3335 14 4 4 9 4 9 0 [2, 4, 6]
3336 15 4 3 10 3 10 0 [1, 2, 3, 4, 5]
3344 14 4 5 8 7 6 -2 [7]
3345 15 4 4 9 4 9 0 [4]
3355 16 4 4 9 6 7 -2 [6]
3356 17 4 3 10 3 10 0 [3]
3366 18 4 3 10 5 8 -2 [5]
3403 10 4 6 7 6 7 0 [1, 2, 3, 4, 5, 6, 7, 8, 9, 10, 11]
3404 11 4 5 8 7 6 -2 [7]
3405 12 4 4 9 6 7 -2 [6]
3406 13 4 3 10 5 8 -2 [5]
3444 15 4 5 8 3 10 2 [3]
3445 16 4 4 9 2 11 2 [2]
3446 17 4 3 10 1 12 2 [1]
3455 17 4 4 9 4 9 0 [4]
3504 12 4 5 8 5 8 0 [1, 2, 3, 4, 5, 6, 7, 8, 9]
3505 13 4 4 9 4 9 0 [4]
3506 14 4 3 10 3 10 0 [3]
3555 18 4 4 9 2 11 2 [2]
3556 19 4 3 10 1 12 2 [1]
3605 14 4 4 9 4 9 0 [1, 2, 3, 4, 5, 6, 7]
3666 21 4 3 10 1 12 2 [1]
4033 10 4 6 7 7 6 -1 [7]
4034 11 4 5 8 5 8 0 [1, 2, 3, 4, 5, 6, 7, 8, 9]
4035 12 4 4 9 5 8 -1 [5]
4036 13 4 3 10 4 9 -1 [4]
4045 13 4 4 9 1 12 3 [1]
4046 14 4 3 10 2 11 1 [2]
4055 14 4 4 9 5 8 -1 [5]
4066 16 4 3 10 4 9 -1 [4]
4444 16 4 5 8 5 8 0 [5]
4445 17 4 4 9 4 9 0 [1, 2, 3, 4, 5, 6, 7]
4446 18 4 3 10 3 10 0 [3]
4455 18 4 4 9 3 10 1 [3]
4456 19 4 3 10 3 10 0 [1, 2, 3, 4, 5]
4466 20 4 3 10 1 12 2 [1]
4504 13 4 5 8 5 8 0 [5]
4505 14 4 4 9 3 10 1 [3]
4506 15 4 3 10 5 8 -2 [5]
4555 19 4 4 9 5 8 -1 [5]
4556 20 4 3 10 1 12 2 [1]
4566 21 4 3 10 3 10 0 [1, 2, 3, 4, 5]
4606 16 4 3 10 3 10 0 [1, 2, 3, 4, 5]
4666 22 4 3 10 5 8 -2 [5]
5003 8 4 6 7 6 7 0 [1, 2, 3, 4, 5, 6, 7, 8, 9, 10, 11]
5004 9 4 5 8 4 9 1 [2, 4, 6, 8]
5005 10 4 4 9 4 9 0 [1, 2, 3, 4, 5, 6, 7]
5006 11 4 3 10 2 11 1 [2, 4]
5044 13 4 5 8 5 8 0 [1, 2, 3, 4, 5, 6, 7, 8, 9]
5045 14 4 4 9 4 9 0 [1, 2, 3, 4, 5, 6, 7]
5046 15 4 3 10 2 11 1 [2, 4]
5055 15 4 4 9 4 9 0 [1, 2, 3, 4, 5, 6, 7]
5056 16 4 3 10 2 11 1 [2, 4]
5066 17 4 3 10 2 11 1 [2, 4]
5504 14 4 5 8 5 8 0 [1, 2, 3, 4, 5, 6, 7, 8, 9]
5505 15 4 4 9 4 9 0 [1, 2, 3, 4, 5, 6, 7]
5506 16 4 3 10 3 10 0 [1, 2, 3, 4, 5]
5555 20 4 4 9 4 9 0 [1, 2, 3, 4, 5, 6, 7]
5556 21 4 3 10 3 10 0 [1, 2, 3, 4, 5]
5566 22 4 3 10 3 10 0 [1, 2, 3, 4, 5]
5605 16 4 4 9 4 9 0 [2, 4, 6]
5606 17 4 3 10 3 10 0 [1, 2, 3, 4, 5]
5666 23 4 3 10 3 10 0 [1, 2, 3, 4, 5]
6004 10 4 5 8 6 7 -1 [6]
6006 12 4 3 10 3 10 0 [3]
6055 16 4 4 9 5 8 -1 [5]
6056 17 4 3 10 3 10 0 [1, 2, 3, 4, 5]
6066 18 4 3 10 4 9 -1 [4]
6605 17 4 4 9 4 9 0 [4]
6606 18 4 3 10 2 11 1 [2]
6666 24 4 3 10 3 10 0 [3]
