13 33 hi 8 s 8 k 5 d 0 
13 333 hi 7 s 7 k 6 d 0 
13 334 hi 6 s 5 k 8 d 1 
13 335 hi 5 s 3 k 10 d 2 
13 336 hi 4 s 1 k 12 d 3 
14 33 hi 9 s 9 k 5 d 0 [[0, 1, 2, 3, 4, 5, 6, 7, 8, 9]]
14 333 hi 8 s 8 k 6 d 0 [[0, 8], [1, 7], [2, 6], [3, 5], [4]]
14 334 hi 7 s 6 k 8 d 1 [[0, 6], [1, 5], [2, 4], [3], [7]]
14 335 hi 6 s 4 k 10 d 2 [[0, 4], [1, 3], [2], [5], [6]]
14 336 hi 5 s 2 k 12 d 3 [[0, 2], [1], [3], [4], [5]]
15 33 hi 10 s 10 k 5 d 0 [[0, 1, 2, 3, 4, 5, 6, 7, 8, 9, 10]]
15 333 hi 9 s 9 k 6 d 0 [[0, 9], [1, 8], [2, 7], [3, 6], [4, 5]]
15 334 hi 8 s 7 k 8 d 1 [[0, 7], [1, 6], [2, 5], [3, 4], [8]]
15 335 hi 7 s 5 k 10 d 2 [[0, 5], [1, 4], [2, 3], [6], [7]]
15 336 hi 6 s 3 k 12 d 3 [[0, 3], [1, 2], [4], [5], [6]]
16 33 hi 11 s 11 k 5 d 0 [[0, 1, 2, 3, 4, 5, 6, 7, 8, 9, 10, 11]]
16 333 hi 10 s 10 k 6 d 0 [[0, 10], [1, 9], [2, 8], [3, 7], [4, 6], [5]]
16 334 hi 9 s 8 k 8 d 1 [[0, 8], [1, 7], [2, 6], [3, 5], [4], [9]]
16 335 hi 8 s 6 k 10 d 2 [[0, 6], [1, 5], [2, 4], [3], [7], [8]]
16 336 hi 7 s 4 k 12 d 3 [[0, 4], [1, 3], [2], [5], [6], [7]]
17 33 hi 12 s 12 k 5 d 0 [[0, 1, 2, 3, 4, 5, 6, 7, 8, 9, 10, 11, 12]]
17 333 hi 11 s 11 k 6 d 0 [[0, 11], [1, 10], [2, 9], [3, 8], [4, 7], [5, 6]]
17 334 hi 10 s 9 k 8 d 1 [[0, 9], [1, 8], [2, 7], [3, 6], [4, 5], [10]]
17 335 hi 9 s 7 k 10 d 2 [[0, 7], [1, 6], [2, 5], [3, 4], [8], [9]]
17 336 hi 8 s 5 k 12 d 3 [[0, 5], [1, 4], [2, 3], [6], [7], [8]]
