2224 7 rigid 2 0 114 1
2234 7 merged 7 4 3767 1
2244 7 merged 7 4 3767 1
2245 6 rigid 1 7 1636 1
2246 5 rigid 1 5 11820 1
2247 4 rigid 1 4 3767 1
2334 7 rigid 2 13 364 1
2344 7 rigid 2 1 118 1
2345 6 rigid 2 13 364 1
2346 5 merged 5 4 3767 1
2347 4 rigid 2 5 11820 1
2444 7 merged 7 4 3767 1
2445 6 merged 6 4 3767 1
2446 5 merged 5 4 3767 1
2447 4 merged 4 4 3767 1
2455 6 rigid 3 15 320 1
2456 5 merged 5 4 3767 1
2457 4 merged 4 7 1636 1
2466 5 merged 5 10 886 1
2467 4 merged 4 4 3767 1
2477 4 rigid 2 12 312 1
3334 7 rigid 3 15 320 1
3344 7 rigid 2 5 11820 1
3345 6 rigid 2 18 3586 1
3346 5 rigid 1 21 1908 1
3347 4 rigid 1 25 2760 1
3444 7 rigid 2 5 11820 1
3445 6 rigid 2 5 11820 1
3446 5 rigid 2 11 4534 1
3447 4 rigid 1 4 3767 1
3455 6 rigid 2 18 3586 1
3456 5 rigid 1 21 1908 1
3457 4 rigid 1 25 2760 1
3466 5 rigid 1 21 1908 1
3467 4 rigid 2 27 6534 1
3477 4 rigid 1 24 2910 1
4444 7 rigid 1 14 491 1
4445 6 merged 6 4 3767 1
4446 5 rigid 1 6 2179 1
4447 4 rigid 2 9 7758 1
4455 6 rigid 2 13 364 1
4456 5 merged 5 4 3767 1
4457 4 rigid 2 5 11820 1
4466 5 rigid 2 13 364 1
4467 4 merged 4 4 3767 1
4477 4 rigid 1 10 886 1
4555 6 rigid 1 14 491 1
4556 5 rigid 2 5 11820 1
4557 4 rigid 2 28 790 1
4566 5 merged 5 4 3767 1
4567 4 rigid 2 5 11820 1
4577 4 rigid 1 6 2179 1
4666 5 rigid 2 13 364 1
4667 4 rigid 1 5 11820 1
4677 4 rigid 2 5 11820 1
4777 4 rigid 1 13 364 1
done
