2224 6 rigid 1 3 34 1
2234 6 merged 6 5 2386 1
2244 6 merged 6 5 2386 1
2245 5 rigid 1 7 1127 1
2246 4 rigid 1 5 2386 1
2334 6 rigid 2 12 449 1
2344 6 rigid 1 2 50 1
2345 5 rigid 2 13 501 1
2346 4 merged 4 5 2386 1
2444 6 merged 6 5 2386 1
2445 5 merged 5 5 2386 1
2446 4 merged 4 5 2386 1
2455 5 merged 5 8 447 1
2456 4 merged 4 5 2386 1
2466 4 rigid 2 11 224 1
3334 6 merged 6 8 447 1
3344 6 rigid 2 6 4217 1
3345 5 rigid 1 16 474 1
3346 4 rigid 1 18 2653 1
3444 6 rigid 2 7 1127 1
3445 5 rigid 2 10 2116 1
3446 4 rigid 1 5 2386 1
3455 5 rigid 1 16 474 1
3456 4 rigid 1 18 2653 1
3466 4 rigid 1 17 1617 1
4444 6 rigid 2 13 501 1
4445 5 merged 5 5 2386 1
4446 4 rigid 2 6 4217 1
4455 5 rigid 2 13 501 1
4456 4 merged 4 5 2386 1
4466 4 rigid 1 12 449 1
4555 5 rigid 2 13 501 1
4556 4 rigid 1 7 1127 1
4566 4 merged 4 5 2386 1
4666 4 rigid 2 13 501 1
done
