2224 8 rigid 1 3 64 1
2234 8 merged 8 6 5648 1
2244 8 merged 8 6 5648 1
2245 7 rigid 2 7 18157 1
2246 6 rigid 1 13 8794 1
2247 5 rigid 1 8 18416 1
2248 4 rigid 1 6 5648 1
2334 8 rigid 2 16 881 1
2344 8 rigid 2 1 51 1
2345 7 rigid 2 20 877 1
2346 6 merged 6 6 5648 1
2347 5 rigid 2 8 18416 1
2348 4 rigid 2 11 4002 1
2444 8 merged 8 6 5648 1
2445 7 merged 7 6 5648 1
2446 6 merged 6 6 5648 1
2447 5 merged 5 6 5648 1
2448 4 merged 4 6 5648 1
2455 7 merged 7 10 763 1
2456 6 merged 6 6 5648 1
2457 5 merged 5 9 2290 1
2458 4 rigid 2 7 18157 1
2466 6 rigid 3 19 743 1
2467 5 merged 5 6 5648 1
2468 4 rigid 2 13 8794 1
2477 5 merged 5 16 881 1
2478 4 merged 4 6 5648 1
2488 4 rigid 2 18 412 1
3334 8 merged 8 10 763 1
3344 8 rigid 2 8 18416 1
3345 7 rigid 1 24 4644 1
3346 6 rigid 1 27 6221 1
3347 5 rigid 1 31 3320 1
3348 4 rigid 1 32 23611 1
3444 8 rigid 2 7 18157 1
3445 7 rigid 2 11 4002 1
3446 6 rigid 2 8 18416 1
3447 5 rigid 2 17 9862 1
3448 4 rigid 1 6 5648 1
3455 7 rigid 1 24 4644 1
3456 6 rigid 1 27 6221 1
3457 5 rigid 1 31 3320 1
3458 4 rigid 1 32 23611 1
3466 6 rigid 1 26 7831 1
3467 5 rigid 1 38 2690 1
3468 4 rigid 1 40 5402 1
3477 5 rigid 1 31 3320 1
3478 4 rigid 1 39 7012 1
3488 4 rigid 1 34 4751 1
4444 8 rigid 2 20 877 1
4445 7 merged 7 6 5648 1
4446 6 rigid 2 8 18416 1
4447 5 rigid 1 12 4255 1
4448 4 rigid 2 15 8693 1
4455 7 rigid 2 20 877 1
4456 6 merged 6 6 5648 1
4457 5 rigid 2 8 18416 1
4458 4 rigid 2 11 4002 1
4466 6 rigid 2 16 881 1
4467 5 merged 5 6 5648 1
4468 4 rigid 1 7 18157 1
4477 5 rigid 1 16 881 1
4478 4 merged 4 6 5648 1
4488 4 rigid 1 19 743 1
4555 7 rigid 2 20 877 1
4556 6 rigid 2 7 18157 1
4557 5 rigid 1 43 2257 1
4558 4 rigid 1 45 2267 1
4566 6 merged 6 6 5648 1
4567 5 rigid 2 8 18416 1
4568 4 rigid 2 11 4002 1
4577 5 rigid 2 8 18416 1
4578 4 rigid 2 8 18416 1
4588 4 rigid 1 12 4255 1
4666 6 rigid 2 20 877 1
4667 5 rigid 2 11 4002 1
4668 4 rigid 1 42 2257 1
4677 5 rigid 2 8 18416 1
4678 4 rigid 2 11 4002 1
4688 4 rigid 1 43 2257 1
4777 5 rigid 1 16 881 1
4778 4 rigid 1 8 18416 1
4788 4 rigid 2 11 4002 1
4888 4 rigid 1 16 881 1
done
