depth 1 expanded 12 next 56 nonmono parents 0 0s
depth 2 expanded 68 next 142 nonmono parents 10 2s
depth 3 expanded 210 next 315 nonmono parents 64 6s
depth 4 expanded 525 next 695 nonmono parents 217 18s
depth 5 expanded 1220 next 1600 nonmono parents 610 46s
depth 6 expanded 2820 next 4013 nonmono parents 1698 118s
depth 7 expanded 6833 next 10366 nonmono parents 4773 335s
n 9 class 3 key (1, 1, -2, -6, -8, -8, -6, -2, 1, 1) starts 12 distinct algebras 17193 closed False
('guard', 'tilt') 30113
('noguard', 'NOTtilt') 12
REJECTIONS (gate-admitted, tiltingPlus False): 12
(6, [[[3, 9, 2], [3, 9, 4, 2]], [[4, 2, 1]], [[5, 3, 9, 4], [5, 7, 9, 4]], [[5, 3, 9, 4, 2]], [[6, 5, 3, 9], [6, 5, 7, 9]], [[6, 5, 7]], [[7, 9, 2]], [[8, 6, 5, 3]], [[9, 2, 1]]], 9, False, (1, 9, 7, 9, 7, 4, 9))
(6, [[[3, 7, 2], [3, 7, 4, 2]], [[4, 2, 1]], [[5, 3, 7, 4], [5, 9, 7, 4]], [[5, 3, 7, 4, 2]], [[6, 5, 3, 7], [6, 5, 9, 7]], [[6, 5, 9]], [[7, 2, 1]], [[8, 6, 5, 3]], [[9, 7, 2]]], 7, False, (1, 9, 7, 9, 9, 4, 7))
(6, [[[1, 3, 8]], [[2, 4, 5, 7]], [[4, 5, 1]], [[4, 5, 1, 3], [4, 5, 7, 3]], [[5, 1, 3, 6], [5, 7, 3, 6]], [[5, 7, 3, 6, 8]], [[7, 3, 6, 8], [7, 3, 8]]], 3, False, (2, 1, 1, 3, 1, 6, 3))
(6, [[[2, 4, 5, 7]], [[3, 1, 8]], [[4, 5, 3]], [[4, 5, 3, 1], [4, 5, 7, 1]], [[5, 3, 1, 6], [5, 7, 1, 6]], [[5, 7, 1, 6, 8]], [[7, 1, 6, 8], [7, 1, 8]]], 1, False, (2, 1, 1, 3, 3, 6, 1))
(6, [[[1, 3, 8]], [[2, 4, 5, 7]], [[3, 8, 9]], [[4, 5, 1]], [[4, 5, 1, 3], [4, 5, 7, 3]], [[5, 1, 3, 6], [5, 7, 3, 6]], [[5, 7, 3, 6, 8]], [[6, 8, 9]], [[7, 3, 6, 8], [7, 3, 8]]], 3, False, (4, 1, 1, 3, 1, 6, 3))
