depth 1 expanded 18 next 78 nonmono parents 0 0s
depth 2 expanded 96 next 194 nonmono parents 12 2s
depth 3 expanded 290 next 444 nonmono parents 86 5s
depth 4 expanded 734 next 1030 nonmono parents 314 15s
depth 5 expanded 1764 next 2344 nonmono parents 896 37s
depth 6 expanded 4108 next 5628 nonmono parents 2422 91s
depth 7 expanded 9736 next 14580 nonmono parents 6620 235s
depth 8 expanded 20899 next 30012 nonmono parents 15659 560s
n 8 class 2 key (1, 1, -1, -4, -5, -4, -1, 1, 1) starts 18 distinct algebras 54326 closed False
('guard', 'tilt') 89179
('noguard', 'NOTtilt') 1
('noguard', 'tilt') 10
REJECTIONS (gate-admitted, tiltingPlus False): 1
(7, [[[2, 5, 3]], [[3, 1, 4], [3, 8, 4]], [[5, 3, 1], [5, 6, 1]], [[5, 3, 8], [5, 6, 8]], [[5, 6, 1]], [[6, 1, 4, 7], [6, 8, 4, 7]]], 4, False, (6, 1, 1, 4, 3, 1, 7, 4))
GATE+TILT BUT KEY MOVES: 10
M (7, [[[1, 2, 7], [1, 5, 6, 7], [1, 5, 7]], [[1, 5, 7]], [[3, 1, 2]], [[3, 1, 5, 6]], [[4, 5, 6, 7], [4, 5, 7]]], 3, (6, 1, 1, 2, 2, 4, 5, 6))
M (7, [[[1, 2, 7], [1, 5, 6, 7], [1, 5, 7]], [[1, 5, 7]], [[3, 1, 2]], [[3, 1, 5, 6]], [[4, 5, 6, 7], [4, 5, 7]]], 3, (6, 1, 1, 2, 4, 5, 6, 2))
M (7, [[[1, 5, 7], [1, 8, 7]], [[1, 8, 7]], [[2, 1, 5]], [[2, 1, 8]], [[2, 1, 8]], [[3, 2, 1], [3, 6, 1]], [[4, 1, 5]], [[4, 1, 8]], [[6, 1, 5]], [[6, 1, 8], [6, 1, 8]]], 6, (6, 1, 4, 5, 1, 2, 5, 7))
M (7, [[[1, 7, 5]], [[2, 1, 7], [2, 1, 7]], [[2, 1, 7], [2, 3, 7]], [[3, 7, 5]], [[4, 1, 7]]], 2, (6, 1, 4, 5, 1, 3, 5, 2))
M (7, [[[1, 2, 7], [1, 5, 6, 7], [1, 5, 7]], [[1, 5, 7]], [[2, 7, 8]], [[3, 1, 2]], [[3, 1, 5, 6]], [[4, 5, 6, 7], [4, 5, 7]], [[5, 6, 7, 8], [5, 7, 8]], [[6, 7, 8]]], 3, (8, 1, 1, 2, 2, 4, 5, 6))
M (7, [[[1, 2, 7], [1, 5, 6, 7], [1, 5, 7]], [[1, 5, 7]], [[2, 7, 8]], [[3, 1, 2]], [[3, 1, 5, 6]], [[4, 5, 6, 7], [4, 5, 7]], [[5, 6, 7, 8], [5, 7, 8]], [[6, 7, 8]]], 3, (8, 1, 1, 2, 4, 5, 6, 2))
M (7, [[[1, 7, 5]], [[1, 7, 5, 8]], [[2, 1, 7], [2, 1, 7]], [[2, 1, 7], [2, 3, 7]], [[3, 7, 5]], [[4, 1, 7]]], 2, (8, 1, 4, 5, 1, 3, 5, 2))
M (7, [[[1, 8, 5]], [[2, 1, 8], [2, 1, 8]], [[2, 1, 8], [2, 3, 8]], [[3, 8, 5]], [[4, 1, 8]], [[6, 2, 1, 8], [6, 7, 8]]], 2, (10, 1, 4, 5, 1, 3, 5, 2))
M (7, [[[1, 8, 5]], [[2, 1, 8], [2, 1, 8]], [[2, 1, 8], [2, 3, 8]], [[3, 8, 5]], [[4, 1, 8]], [[6, 2, 3, 8], [6, 7, 8]]], 2, (10, 1, 4, 5, 3, 1, 5, 2))
M (7, [[[1, 6, 3, 8], [1, 6, 5, 8]], [[2, 7, 6]], [[4, 1, 6, 3, 8]], [[7, 6, 3, 8], [7, 6, 3, 8], [7, 6, 5, 8]], [[7, 6, 5]]], 2, (10, 1, 4, 5, 3, 1, 6, 3))
