0 2 (1, 1, -2, -2, 2, 2, -2, -2, 1, 1)
1 2 (1, 1, -2, -6, -10, -10, -6, -2, 1, 1)
2 12 (1, 1, -2, -4, -4, -4, -4, -2, 1, 1)
3 12 (1, 1, -2, -6, -8, -8, -6, -2, 1, 1)
4 16 (1, 1, 0, 0, -2, -2, 0, 0, 1, 1)
5 24 (1, 1, -1, -4, -7, -7, -4, -1, 1, 1)
6 24 (1, 1, -1, -5, -8, -8, -5, -1, 1, 1)
7 60 (1, 1, -1, -4, -6, -6, -4, -1, 1, 1)
8 72 (1, 1, -1, -3, -4, -4, -3, -1, 1, 1)
9 76 (1, 1, -1, -1, 0, 0, -1, -1, 1, 1)
10 84 (1, 1, -1, -3, -3, -3, -3, -1, 1, 1)
11 88 (1, 1, -1, -2, -3, -3, -2, -1, 1, 1)
12 140 (1, 1, 0, -2, -4, -4, -2, 0, 1, 1)
13 160 (1, 1, 0, -2, -3, -3, -2, 0, 1, 1)
14 188 (1, 1, -1, -2, -1, -1, -2, -1, 1, 1)
15 256 (1, 1, 1, 1, 1, 1, 1, 1, 1, 1)
16 290 (1, 1, 0, 0, 0, 0, 0, 0, 1, 1)
17 600 (1, 1, 0, -1, -2, -2, -1, 0, 1, 1)
18 754 (1, 1, 0, -1, -1, -1, -1, 0, 1, 1)
