n 14 rows 3767 distinct words 2871
3 2
4 2
34 9
44 9
45 2
46 2
47 2
48 2
49 2
56 2
67 2
78 2
89 2
333 2
334 1
335 1
336 1
337 1
338 1
339 1
346 6
357 1
368 1
379 1
403 9
444 8
445 7
446 6
447 5
448 4
449 3
456 6
467 5
478 4
489 3
504 2
509 1
555 2
556 1
557 1
558 1
559 1
566 2
577 2
588 2
599 2
605 2
606 2
607 1
608 1
609 1
666 2
667 1
668 1
669 1
706 2
777 2
778 1
779 1
807 2
888 2
889 1
908 2
999 2
3333 8
3344 1
3355 1
3366 1
3377 1
3388 1
3399 1
3403 8
3404 1
3405 1
3406 1
3407 1
3408 1
3409 1
3444 1
3445 1
3446 1
3447 1
3448 1
3449 1
3555 1
3666 1
3777 1
3888 1
3999 1
4033 1
4034 7
4035 1
4036 1
4037 1
4038 1
4039 1
4045 1
4056 1
4067 1
4078 1
4089 1
4445 6
4456 5
4467 4
4478 3
4489 2
4506 1
4556 1
4566 5
4606 5
4667 1
4778 1
4889 1
5044 7
5555 6
5566 5
5577 4
5588 3
5599 2
5606 5
5666 5
5777 4
5888 3
5999 2
6004 2
6008 1
6055 1
6066 1
6077 1
6088 1
6099 1
6605 2
6606 1
6607 1
6608 1
6609 1
6706 2
6807 2
6908 2
7006 1
7066 1
8077 1
9088 1
[12] 2
words of length>=5: 3442
