expanded 8465 rows saved 378 of 56261 distinct algs 8443
(d,J) counts: {(2, 1): 234, (3, 0): 119, (3, 1): 2, (4, 0): 16, (4, 1): 4, (5, 1): 3}
== J!=0 243 rows; 206 distinct algebras; 206 (alg,v)
 by (d,j,outi): {(2, 1, 1): 35, (2, 1, 2): 191, (2, 1, 3): 8, (3, 1, 3): 2, (4, 1, 3): 4, (5, 1, 3): 3}
 by (d,outi,outv): {(2, 1, 2): 35, (2, 2, 1): 23, (2, 2, 2): 164, (2, 2, 3): 4, (2, 3, 2): 8, (3, 3, 2): 2, (4, 3, 3): 4, (5, 3, 4): 3}
 by dimA: {26: 1, 27: 36, 28: 2, 29: 29, 30: 33, 31: 83, 32: 21, 34: 12, 35: 7, 37: 6, 39: 4, 47: 2, 64: 4, 75: 3}
 by level: {6: 4, 7: 12, 8: 81, 9: 146}
== d>=3,J=0 135 rows; 59 distinct algebras; 66 (alg,v)
 by (d,j,outi): {(3, 0, 1): 9, (3, 0, 2): 78, (3, 0, 3): 11, (3, 0, 4): 6, (3, 0, 5): 11, (3, 0, 6): 4, (4, 0, 2): 15, (4, 0, 7): 1}
 by (d,outi,outv): {(3, 1, 1): 5, (3, 1, 2): 4, (3, 2, 1): 40, (3, 2, 2): 38, (3, 3, 1): 6, (3, 3, 2): 5, (3, 4, 2): 6, (3, 5, 1): 11, (3, 6, 1): 4, (4, 2, 1): 4, (4, 2, 2): 11, (4, 7, 1): 1}
 by dimA: {31: 1, 34: 6, 35: 6, 36: 2, 41: 1, 42: 2, 45: 2, 46: 4, 47: 1, 49: 2, 50: 2, 51: 8, 52: 12, 55: 8, 57: 8, 59: 10, 61: 23, 63: 16, 64: 4, 67: 14, 75: 3}
 by level: {8: 18, 9: 117}
J!=0 and d>=3: 9
   {'exp': 7798, 'level': 9, 'aid': ('K', '(((1, 7, 1), (2, 5, 1), (3, 7, 1), (4, 1, 1), (4, 3, 1), (5, 1, 1), (5, 3, 1), (5, 4, 1), (6, 8, 4), (7, 6, 1), (7, 8, 1)), (((((1, 7, 0), (7, 6, 0), (6, 8, 0)), 1),), ((((1, 7, 0), (7, 6, 0), (6, 8, 1)), 1), (((1, 7, 0), (7, 6, 0), (6, 8, 2)), 1), (((1, 7, 0), (7, 8, 0)), 1)), ((((2, 5, 0), (5, 1, 0)), 1),), ((((2, 5, 0), (5, 3, 0)), 1),), ((((2, 5, 0), (5, 4, 0)), 1),), ((((3, 7, 0), (7, 6, 0), (6, 8, 3)), 1),), ((((3, 7, 0), (7, 8, 0)), 1),), ((((4, 1, 0), (1, 7, 0), (7, 6, 0), (6, 8, 1)), 1),), ((((4, 1, 0), (1, 7, 0), (7, 6, 0), (6, 8, 2)), 1), (((4, 3, 0), (3, 7, 0), (7, 6, 0), (6, 8, 0)), 1)), ((((4, 1, 0), (1, 7, 0), (7, 6, 0), (6, 8, 3)), 1), (((4, 3, 0), (3, 7, 0), (7, 6, 0), (6, 8, 1)), 1)), ((((4, 3, 0), (3, 7, 0), (7, 6, 0), (6, 8, 2)), 1),), ((((5, 1, 0), (1, 7, 0)), 1), (((5, 3, 0), (3, 7, 0)), 1)), ((((5, 1, 0), (1, 7, 0), (7, 6, 0)), 1), (((5, 4, 0), (4, 1, 0), (1, 7, 0), (7, 6, 0)), 1), (((5, 4, 0), (4, 3, 0), (3, 7, 0), (7, 6, 0)), 1))))'), 'dimA': 47, 'v': 7, 'i': 5, 'd': 3, 'j': 1, 'outi': 3, 'outv': 2, 'outi_targets': [1, 3, 4], 'cartrow': [2, 0, 2, 1, 1, 2, 3, 0]}
   {'exp': 7810, 'level': 9, 'aid': ('K', '(((1, 7, 1), (2, 5, 1), (3, 7, 1), (4, 1, 1), (4, 3, 1), (5, 1, 1), (5, 3, 1), (5, 4, 1), (6, 8, 4), (7, 6, 1), (7, 8, 1)), (((((1, 7, 0), (7, 6, 0), (6, 8, 0)), 1),), ((((1, 7, 0), (7, 8, 0)), 1),), ((((2, 5, 0), (5, 1, 0)), 1),), ((((2, 5, 0), (5, 3, 0)), 1),), ((((2, 5, 0), (5, 4, 0)), 1),), ((((3, 7, 0), (7, 6, 0), (6, 8, 1)), 1),), ((((3, 7, 0), (7, 6, 0), (6, 8, 2)), 1), (((3, 7, 0), (7, 6, 0), (6, 8, 3)), 1), (((3, 7, 0), (7, 8, 0)), 1)), ((((4, 1, 0), (1, 7, 0), (7, 6, 0), (6, 8, 1)), 1), (((4, 3, 0), (3, 7, 0), (7, 6, 0), (6, 8, 2)), 1)), ((((4, 1, 0), (1, 7, 0), (7, 6, 0), (6, 8, 2)), 1),), ((((4, 1, 0), (1, 7, 0), (7, 6, 0), (6, 8, 3)), 1), (((4, 3, 0), (3, 7, 0), (7, 6, 0), (6, 8, 0)), 1)), ((((4, 3, 0), (3, 7, 0), (7, 6, 0), (6, 8, 3)), 1),), ((((5, 1, 0), (1, 7, 0)), 1), (((5, 3, 0), (3, 7, 0)), 1)), ((((5, 3, 0), (3, 7, 0), (7, 6, 0)), 1), (((5, 4, 0), (4, 1, 0), (1, 7, 0), (7, 6, 0)), 1), (((5, 4, 0), (4, 3, 0), (3, 7, 0), (7, 6, 0)), 1))))'), 'dimA': 47, 'v': 7, 'i': 5, 'd': 3, 'j': 1, 'outi': 3, 'outv': 2, 'outi_targets': [1, 3, 4], 'cartrow': [2, 0, 2, 1, 1, 2, 3, 0]}
   {'exp': 7822, 'level': 9, 'aid': ('H', '8d1319a0d3'), 'dimA': 64, 'v': 7, 'i': 3, 'd': 4, 'j': 1, 'outi': 3, 'outv': 3, 'outi_targets': [1, 6, 6], 'cartrow': [3, 0, 1, 3, 0, 2, 4, 0]}
   {'exp': 7822, 'level': 9, 'aid': ('H', '8d1319a0d3'), 'dimA': 64, 'v': 7, 'i': 5, 'd': 4, 'j': 1, 'outi': 3, 'outv': 3, 'outi_targets': [1, 6, 6], 'cartrow': [3, 0, 0, 3, 1, 2, 4, 0]}
   {'exp': 7831, 'level': 9, 'aid': ('H', 'c8974861a2'), 'dimA': 64, 'v': 7, 'i': 1, 'd': 4, 'j': 1, 'outi': 3, 'outv': 3, 'outi_targets': [3, 6, 6], 'cartrow': [1, 0, 3, 3, 0, 2, 4, 0]}
   {'exp': 7831, 'level': 9, 'aid': ('H', 'c8974861a2'), 'dimA': 64, 'v': 7, 'i': 5, 'd': 4, 'j': 1, 'outi': 3, 'outv': 3, 'outi_targets': [3, 6, 6], 'cartrow': [0, 0, 3, 3, 1, 2, 4, 0]}
   {'exp': 7836, 'level': 9, 'aid': ('H', 'f28bc7847e'), 'dimA': 75, 'v': 7, 'i': 1, 'd': 5, 'j': 1, 'outi': 3, 'outv': 4, 'outi_targets': [4, 4, 4], 'cartrow': [1, 0, 0, 3, 0, 4, 5, 0]}
   {'exp': 7836, 'level': 9, 'aid': ('H', 'f28bc7847e'), 'dimA': 75, 'v': 7, 'i': 3, 'd': 5, 'j': 1, 'outi': 3, 'outv': 4, 'outi_targets': [4, 4, 4], 'cartrow': [0, 0, 1, 3, 0, 4, 5, 0]}
   {'exp': 7836, 'level': 9, 'aid': ('H', 'f28bc7847e'), 'dimA': 75, 'v': 7, 'i': 5, 'd': 5, 'j': 1, 'outi': 3, 'outv': 4, 'outi_targets': [4, 4, 4], 'cartrow': [0, 0, 0, 3, 1, 4, 5, 0]}
d=2,J!=0: 234 outi {2: 191, 1: 35, 3: 8} outv {2: 207, 1: 23, 3: 4} algs 201
d=2,J!=0 cartan row sum {5: 4, 6: 116, 7: 101, 8: 13} max entry {2: 234} n zero entries {1: 7, 2: 103, 3: 120, 4: 4} dimA range (26, 39)
d>=3,J!=0 cartan row sum {11: 2, 13: 7} max entry {3: 2, 4: 4, 5: 3} n zero entries {2: 2, 3: 4, 4: 3} dimA range (47, 75)
d>=3,J=0 cartan row sum {9: 33, 10: 49, 11: 21, 12: 15, 13: 17} max entry {3: 44, 4: 61, 5: 29, 7: 1} n zero entries {2: 15, 3: 69, 4: 38, 5: 13} dimA range (31, 75)
