22222300000
22222302222
22222302022
22222700000
22223000000
22223022200
22223022202
22223022002
22223020220
22223020020
22223002000
22223000200
22223000202
22223000002
22224700000
22224033022
22226700000
22220300000
22220302222
22220302022
22220700000
22233302200
22233302202
22233302002
22233300220
22233300020
22233400000
22233400220
22233400020
22234500022
22235600000
22236660000
22238000000
22244440000
22244035000
22245045000
22246660000
22247005000
22248000000
22240335000
22256004400
22257000400
22250033000
22250033400
22250033002
22266004400
22260003300
22202302000
22202300200
22202300202
22202300002
22203330200
22203330202
22203330002
22203700000
22203022220
22203022020
22203020222
22203020022
22203002200
22203002202
22203002002
22203000220
22203000020
22205700000
22205003302
22206000330
22207700000
22207000030
22200302000
22200300200
22200300202
22200300002
22333600000
22334002220
22334002020
22334000222
22334000022
22344660000
22345005000
22355004400
22356000020
22366700000
22367000000
22377700000
22370600002
22370000002
22380000002
22444405000
22445500022
22440355000
22440360000
22440405000
22450450400
22450500022
22477000002
22406660000
22555040002
22550440020
22570600000
22570055000
22570004002
22580700000
22504030222
22504030022
22505040000
22507060000
22500334002
22660003330
22670004400
22670000300
22600033300
22600044400
22770000000
22770000330
22770000022
22700003330
22700003022
22022302220
22022302020
22022300222
22022300022
22023330222
22023330022
22023022000
22023020200
22023020202
22023020002
22023002222
22023002022
22024033020
22025003300
22028000000
22020302220
22020302020
22020300222
22020300022
22033302000
22033300200
22033300202
22033300002
22033400200
22033400202
22033400002
22034460000
22034500000
22034500020
22037060000
22037000002
22044440022
22046055000
22040330222
22040330022
22055044000
22058000000
22050403022
22050504000
22050050400
22067005000
22068000000
22077000000
22077000400
22070000302
22080000030
22002300000
22002302222
22002302022
22002700000
22003000000
22003022200
22003022202
22003022002
22003020220
22003020020
22003002000
22003000200
22003000202
22003000002
22004700000
22004033022
22006700000
22000300000
22000302222
22000302022
22000700000
23336000000
23336000022
23337700000
23350060000
23350002222
23350002022
23360000220
23360000020
23446600000
23447060000
23440550030
23556050000
23556050002
23550660000
23666004000
23667005000
23670000302
23777000030
23706000400
23706000002
23700000222
23700000022
23800000022
24444060000
24455000220
24455000020
24466000000
24466000022
24405005000
24555004000
24555005000
24505000000
24505000222
24505000022
24605500302
24770000000
24770000022
24700500022
24800600002
24033500022
24033600002
24055504002
24055605000
24055055000
24055060000
24066600400
24066000330
24067000030
25550400222
25550400022
25560500022
25504404000
25504405000
25505500022
25500355000
25500405000
25605500300
25600440300
25600500002
25706000002
25700040000
25800050000
25800050002
25003340000
25004455000
25005550400
25005505000
25005040302
26660040002
26600550030
26600040400
26600050030
26700500000
26700550030
26700500020
26700003020
26800600000
26800004002
26000333022
26000403300
27700040000
27700000222
27700000022
27800050000
27800050002
27060003000
27060003002
27000030000
27000033302
27000030220
27000030020
28800004002
28000003022
20222302220
20222302020
20222300222
20222300022
20223330222
20223330022
20223022000
20223020200
20223020202
20223020002
20223002222
20223002022
20224033020
20225003300
20228000000
20220302220
20220302020
20220300222
20220300022
20233302000
20233300200
20233300202
20233300002
20233400200
20233400202
20233400002
20234460000
20234500000
20234500020
20237060000
20237000002
20244440022
20246055000
20240330222
20240330022
20255044000
20258000000
20250403022
20250504000
20250050400
20267005000
20268000000
20277000000
20277000400
20270000302
20280000030
20202300000
20202302222
20202302022
20202700000
20203000000
20203022200
20203022202
20203022002
20203020220
20203020020
20203002000
20203000200
20203000202
20203000002
20204700000
20204033022
20206700000
20200300000
20200302222
20200302022
20200700000
20334002200
20334002202
20334002002
20334000220
20334000020
20335000000
20335000222
20335000022
20345000000
20345000222
20345000022
20356000400
20356000002
20370600000
20370600030
20380700000
20444400222
20444400022
20445500000
20445500020
20455500022
20450460000
20450500000
20450500020
20460550030
20477700000
20470660000
20480060000
20404455000
20404460000
20405550400
20405505000
20407060000
20555040000
20550440400
20550440002
20550034400
20560044030
20504030000
20504030220
20504030020
20505040022
20506050000
20506050002
20507700000
20500444400
20500550400
20660044000
20680060000
20605003022
20600033400
20600050030
20770004400
20770000020
20780005000
20700003020
20880000400
20800000302
20022302200
20022302202
20022302002
20022300220
20022300020
20023330000
20023330220
20023330020
20023020000
20023022222
20023022022
20023002220
20023002020
20023000222
20023000022
20024033000
20024033002
20020302200
20020302202
20020302002
20020300220
20020300020
20033300000
20033360000
20033302222
20033302022
20034500002
20035560000
20044440020
20047700000
20040330000
20040330220
20040330020
20055044002
20055003400
20056055000
20057060000
20050403020
20050504002
20050605000
20050700000
20050033022
20060003302
20060004030
20078000000
20070000330
20088000000
20002302220
20002302020
20002300222
20002300022
20003330222
20003330022
20003022000
20003020200
20003020202
20003020002
20003002222
20003002022
20004033020
20005003300
20008000000
20000302220
20000302020
20000300222
20000300022
33360000000
33366000300
33366000020
33377000030
33370000002
33406600002
33406000002
33500600000
33660003022
33660000200
33660000202
33660000002
33600002220
33600002020
33600000222
33600000022
33770000000
33770000022
33700000200
33700000202
33700000002
34466000002
34460500002
34477000000
34470600000
34405500302
34066000400
34066000002
34060000222
34060000022
34077000000
35560500002
35560040000
35570600000
35506600000
35500550030
35600040020
35600050000
35600050002
35006000020
35007000000
36660040022
36670050000
36670050002
36600700000
36600044030
36600040330
36000600000
37700003330
37060003022
37060000200
37060000202
37060000002
37000002220
37000002020
37000000222
37000000022
38070000400
38070000002
38000000222
38000000022
44440500000
44440500020
44440600000
44405000220
44405000020
44406000000
44406000022
44550050000
44550050002
44660000222
44660000022
44770000002
44706000002
44035500002
44036600000
44055003020
45550040000
45500500000
45500500020
45500600000
45045040022
45046050000
45046050002
45005000200
45005000202
45005000002
45006000020
46600060000
46055003020
46056004000
47700000200
47700000202
47700000002
47005000220
47005000020
48800000000
48800000020
48006000002
40335000000
40335000222
40335000022
40366000002
40445500000
40445500020
40446600002
40405500002
40406600000
40555040000
40605003022
40706000300
40700005000
55600400200
55600400202
55600400002
55706000002
55700500002
55044040020
55044050000
55044050002
55066000020
55003440020
55004044000
56004403020
56004504002
56005000200
56005000202
56005000002
57060000222
57060000022
57005500300
57000400200
57000400202
57000400002
58070000000
58070000022
58000500022
50440400200
50440400202
50440400002
50440500002
50550040002
50880000002
50034400200
50034400202
50034400002
50044440020
50045040022
50040440020
50055504000
50055044002
50056004002
50050403020
50050055000
50060500302
50078000000
66600400000
66600400220
66600400020
66600030222
66600030022
66600040002
66700500000
66700500020
66700040002
66004403020
66004404000
66000333022
66000403300
67005500300
67000440300
67000500002
67000030000
67000030220
67000030020
67000040000
68006000000
68006000022
68000040020
60550030200
60550030202
60550030002
60550040022
60560040022
60044030200
60044030202
60044030002
60044040022
60045040020
60077000002
60003330222
60003330022
60003340002
60003440022
60004444002
60004033020
60005504400
60005003300
60006000400
77700040020
77700003022
77000440302
77000400222
77000400022
77000500022
77000660000
77000600002
77000033300
77000002220
77000002020
77000000222
77000000022
78000500002
78000003000
78000003002
70600000000
70660003000
70660003002
70600030000
70600030220
70600030020
70600040000
70600002000
70600000200
70600000202
70600000002
70055003022
70050002200
70050002202
70050002002
70050000220
70050000020
70004403000
70004403002
70004002220
70004002020
70004000222
70004000022
70005500300
70006000002
70008000000
70000333020
70000302220
70000302020
70000300222
70000300022
70000500330
70000022200
70000022202
70000022002
70000020220
70000020020
70000002000
70000000200
70000000202
70000000002
88000040002
80700003022
80700000200
80700000202
80700000002
80060000200
80060000202
80060000002
80005000220
80005000020
80000400222
80000400022
80000500022
80000600002
80000002220
80000002020
80000000222
80000000022
02222302220
02222302020
02222300222
02222300022
02223330222
02223330022
02223022000
02223020200
02223020202
02223020002
02223002222
02223002022
02224033020
02225003300
02228000000
02220302220
02220302020
02220300222
02220300022
02233302000
02233300200
02233300202
02233300002
02233400200
02233400202
02233400002
02234460000
02234500000
02234500020
02237060000
02237000002
02244440022
02246055000
02240330222
02240330022
02255044000
02258000000
02250403022
02250504000
02250050400
02267005000
02268000000
02277000000
02277000400
02270000302
02280000030
02202300000
02202302222
02202302022
02202700000
02203000000
02203022200
02203022202
02203022002
02203020220
02203020020
02203002000
02203000200
02203000202
02203000002
02204700000
02204033022
02206700000
02200300000
02200302222
02200302022
02200700000
02334002200
02334002202
02334002002
02334000220
02334000020
02335000000
02335000222
02335000022
02345000000
02345000222
02345000022
02356000400
02356000002
02370600000
02370600030
02380700000
02444400222
02444400022
02445500000
02445500020
02455500022
02450460000
02450500000
02450500020
02460550030
02477700000
02470660000
02480060000
02404455000
02404460000
02405550400
02405505000
02407060000
02555040000
02550440400
02550440002
02550034400
02560044030
02504030000
02504030220
02504030020
02505040022
02506050000
02506050002
02507700000
02500444400
02500550400
02660044000
02680060000
02605003022
02600033400
02600050030
02770004400
02770000020
02780005000
02700003020
02880000400
02800000302
02022302200
02022302202
02022302002
02022300220
02022300020
02023330000
02023330220
02023330020
02023020000
02023022222
02023022022
02023002220
02023002020
02023000222
02023000022
02024033000
02024033002
02020302200
02020302202
02020302002
02020300220
02020300020
02033300000
02033360000
02033302222
02033302022
02034500002
02035560000
02044440020
02047700000
02040330000
02040330220
02040330020
02055044002
02055003400
02056055000
02057060000
02050403020
02050504002
02050605000
02050700000
02050033022
02060003302
02060004030
02078000000
02070000330
02088000000
02002302220
02002302020
02002300222
02002300022
02003330222
02003330022
02003022000
02003020200
02003020202
02003020002
02003002222
02003002022
02004033020
02005003300
02008000000
02000302220
02000302020
02000300222
02000300022
03336000020
03337000000
03340700000
03350000000
03350002220
03350002020
03350000222
03350000022
03360000200
03360000202
03360000002
03446050000
03446050002
03447700000
03450060000
03560004000
03560005000
03666004002
03666000302
03660060000
03660004030
03777000400
03780000030
03706000302
03700000220
03700000020
03800000000
03807000002
03800000020
04444050000
04444050002
04455000200
04455000202
04455000002
04466000020
04555004002
04504504000
04505000220
04505000020
04666000300
04770000020
04700500000
04700500020
04800600000
04033500000
04033500020
04033600000
04044550000
04044550002
04044660000
04060500300
05550400000
05550400220
05550400020
05560500000
05560500020
05504404002
05505500000
05505500020
05506600002
05605500400
05706600030
05700040022
05807000002
05077000000
05003340022
05006600400
06660040000
06600440300
06600033302
06700500002
06700003000
06700003002
06050030222
06050030022
06008000000
06000333020
06000334000
06000504030
06000500330
07700044030
07700040022
07700055000
07700060000
07700004030
07700000220
07700000020
07800000300
07000700000
07000030200
07000030202
07000030002
07000040330
08800000022
08000003020
00222302200
00222302202
00222302002
00222300220
00222300020
00223330000
00223330220
00223330020
00223020000
00223022222
00223022022
00223002220
00223002020
00223000222
00223000022
00224033000
00224033002
00220302200
00220302202
00220302002
00220300220
00220300020
00233300000
00233360000
00233302222
00233302022
00234500002
00235560000
00244440020
00247700000
00240330000
00240330220
00240330020
00255044002
00255003400
00256055000
00257060000
00250403020
00250504002
00250605000
00250700000
00250033022
00260003302
00260004030
00278000000
00270000330
00288000000
00202302220
00202302020
00202300222
00202300022
00203330222
00203330022
00203022000
00203020200
00203020202
00203020002
00203002222
00203002022
00204033020
00205003300
00208000000
00200302220
00200302020
00200300222
00200300022
00333700000
00334000000
00334002000
00334000200
00334000202
00334000002
00335000220
00335000020
00345000220
00345000020
00355600400
00366600030
00367000002
00370000000
00378000000
00370000022
00444400000
00444400220
00444400020
00445500002
00455500000
00455500020
00450500002
00466600002
00477000000
00403360000
00405560000
00555040022
00550440000
00550550000
00550550002
00550035000
00560550000
00560550002
00580005000
00504030200
00504030202
00504030002
00505040020
00500445000
00500555000
00500605000
00660044002
00660003400
00670055000
00670000302
00605003020
00600033302
00600050400
00770004000
00770005000
00770000002
00700003000
00700003002
00880000000
00022302000
00022300200
00022300202
00022300002
00023330200
00023330202
00023330002
00023700000
00023022220
00023022020
00023020222
00023020022
00023002200
00023002202
00023002002
00023000220
00023000020
00025700000
00025003302
00026000330
00027700000
00027000030
00020302000
00020300200
00020300202
00020300002
00033302220
00033302020
00033300222
00033300022
00033400222
00033400022
00035600002
00036700000
00037000000
00044440002
00045550000
00045550002
00040330200
00040330202
00040330002
00040445000
00040555000
00040605000
00050403000
00050403002
00050033020
00050044400
00066000330
00067000030
00060003330
00077000002
00070000300
00002302200
00002302202
00002302002
00002300220
00002300020
00003330000
00003330220
00003330020
00003020000
00003022222
00003022022
00003002220
00003002020
00003000222
00003000022
00004033000
00004033002
00000302200
00000302202
00000302002
00000300220
00000300020