22222302000
22222300200
22222300202
22222300002
22223330200
22223330202
22223330002
22223700000
22223022220
22223022020
22223020222
22223020022
22223002200
22223002202
22223002002
22223000220
22223000020
22225700000
22225003302
22226000330
22227700000
22227000030
22220302000
22220300200
22220300202
22220300002
22233302220
22233302020
22233300222
22233300022
22233400222
22233400022
22235600002
22236700000
22237000000
22244440002
22245550000
22245550002
22240330200
22240330202
22240330002
22240445000
22240555000
22240605000
22250403000
22250403002
22250033020
22250044400
22266000330
22267000030
22260003330
22277000002
22270000300
22202302200
22202302202
22202302002
22202300220
22202300020
22203330000
22203330220
22203330020
22203020000
22203022222
22203022022
22203002220
22203002020
22203000222
22203000022
22204033000
22204033002
22200302200
22200302202
22200302002
22200300220
22200300020
22333660000
22333600002
22334060000
22334002222
22334002022
22335000200
22335000202
22335000002
22344605000
22344700000
22344055000
22345000200
22345000202
22345000002
22355605000
22355700000
22355060000
22356000000
22356000022
22366600400
22366000330
22367000030
22370000020
22380000000
22444400200
22444400202
22444400002
22455500400
22455500002
22450405000
22466600000
22466600030
22460560000
22470050000
22470050002
22488000000
22403350000
22403350002
22406700000
22406050030
22555040020
22550440022
22550040400
22560550030
22560045000
22570660000
22570600002
22570004000
22505040002
22508000000
22500334000
22500335000
22500504030
22660044030
22660055000
22660004030
22670050000
22670050002
22680000400
22605003000
22605003002
22600700000
22600040330
22770004002
22780000030
22700004030
22880000002
22800000300
22022300000
22022302222
22022302022
22022700000
22023000000
22023022200
22023022202
22023022002
22023020220
22023020020
22023002000
22023000200
22023000202
22023000002
22024700000
22024033022
22026700000
22020300000
22020302222
22020302022
22020700000
22033302200
22033302202
22033302002
22033300220
22033300020
22033400000
22033400220
22033400020
22034500022
22035600000
22036660000
22038000000
22044440000
22044035000
22045045000
22046660000
22047005000
22048000000
22040335000
22056004400
22057000400
22050033000
22050033400
22050033002
22066004400
22060003300
22002302000
22002300200
22002300202
22002300002
22003330200
22003330202
22003330002
22003700000
22003022220
22003022020
22003020222
22003020022
22003002200
22003002202
22003002002
22003000220
22003000020
22005700000
22005003302
22006000330
22007700000
22007000030
22000302000
22000300200
22000300202
22000300002
23336600000
23336600030
23337000002
23340600000
23350002000
23350000200
23350000202
23350000002
23360000222
23360000022
23446600002
23440660000
23556004002
23557060000
23550700000
23550044030
23550055000
23666000300
23667000400
23670000400
23700000000
23706000300
23706000020
23807000000
24455000000
24455000222
24455000022
24403550000
24403550002
24403660000
24404055000
24404060000
24666000302
24605600400
24706600030
24880000002
24055504000
24060500302
24078000000
25500344002
25500404400
25500500400
25600500000
25600500020
25706000020
25700550030
25700040002
25807000000
25077000002
25003340002
25004444002
25005504400
26660040020
26600440302
26600550000
26600550002
26600660000
26600033300
26700500022
26700003022
26800600002
26800004000
26050030200
26050030202
26050030002
26007700000
26000444400
26000550400
27700000000
27700040002
27800000302
27060003020
27000030222
27000030022
27000050030
28800004000
28800005000
28800000002
20222300000
20222302222
20222302022
20222700000
20223000000
20223022200
20223022202
20223022002
20223020220
20223020020
20223002000
20223000200
20223000202
20223000002
20224700000
20224033022
20226700000
20220300000
20220302222
20220302022
20220700000
20233302200
20233302202
20233302002
20233300220
20233300020
20233400000
20233400220
20233400020
20234500022
20235600000
20236660000
20238000000
20244440000
20244035000
20245045000
20246660000
20247005000
20248000000
20240335000
20256004400
20257000400
20250033000
20250033400
20250033002
20266004400
20260003300
20202302000
20202300200
20202300202
20202300002
20203330200
20203330202
20203330002
20203700000
20203022220
20203022020
20203020222
20203020022
20203002200
20203002202
20203002002
20203000220
20203000020
20205700000
20205003302
20206000330
20207700000
20207000030
20200302000
20200300200
20200300202
20200300002
20333600000
20334002220
20334002020
20334000222
20334000022
20344660000
20345005000
20355004400
20356000020
20366700000
20367000000
20377700000
20370600002
20370000002
20380000002
20444405000
20445500022
20440355000
20440360000
20440405000
20450450400
20450500022
20477000002
20406660000
20555040002
20550440020
20570600000
20570055000
20570004002
20580700000
20504030222
20504030022
20505040000
20507060000
20500334002
20660003330
20670004400
20670000300
20600033300
20600044400
20770000000
20770000330
20770000022
20700003330
20700003022
20022302220
20022302020
20022300222
20022300022
20023330222
20023330022
20023022000
20023020200
20023020202
20023020002
20023002222
20023002022
20024033020
20025003300
20028000000
20020302220
20020302020
20020300222
20020300022
20033302000
20033300200
20033300202
20033300002
20033400200
20033400202
20033400002
20034460000
20034500000
20034500020
20037060000
20037000002
20044440022
20046055000
20040330222
20040330022
20055044000
20058000000
20050403022
20050504000
20050050400
20067005000
20068000000
20077000000
20077000400
20070000302
20080000030
20002300000
20002302222
20002302022
20002700000
20003000000
20003022200
20003022202
20003022002
20003020220
20003020020
20003002000
20003000200
20003000202
20003000002
20004700000
20004033022
20006700000
20000300000
20000302222
20000302022
20000700000
33366000000
33366000022
33360000200
33360000202
33360000002
33377000002
33370000020
33406000020
33407000000
33500660000
33500600002
33660000220
33660000020
33600060000
33600002222
33600002022
33770000302
33700000220
33700000020
34466000020
34460500000
34460500020
34470600002
34406600030
34500500002
34060000000
34066000300
34066000020
34077000030
34070000002
35560500000
35560500020
35560040002
35570600002
35506600002
35500440302
35600040022
35006000000
35006000022
35007700000
36660040000
36660003000
36660003002
36670004002
36600033302
36700003000
36700003002
36700004002
36000660000
36000600002
37770004002
37770000302
37700060000
37700004030
37800000300
37060000220
37060000020
37000060000
37000002222
37000002022
38070000300
38070000020
44440500022
44440600002
44405000000
44405000222
44405000022
44550060000
44660000000
44660005000
44605000200
44605000202
44605000002
44770000020
44706000020
44035500000
44035500020
44036600002
44040550000
44040550002
44040660000
44055003022
44066000300
44060005000
45550040002
45500500022
45500600002
45045040000
45005000220
45005000020
45006000000
45006000022
46660003000
46660003002
46660004002
46055003022
47770000302
47700000220
47700000020
47066000302
47005000000
47005000222
47005000022
48800000022
48006000020
40336000002
40355000200
40355000202
40355000002
40366000020
40445500022
40405500000
40405500020
40406600002
40555040002
40660003330
40670000300
40770000330
55500400200
55500400202
55500400002
55500500002
55605000200
55605000202
55605000002
55600400000
55600400220
55600400020
55706000020
55700500000
55700500020
55044040022
55066000000
55066000022
55077000002
55003440022
55004403000
55004403002
55005500300
55005005000
55006000400
56055003000
56055003002
56055004002
56004403022
56004504000
56005000220
56005000020
56000400200
56000400202
56000400002
56000500002
57060000000
57066000300
57000400000
57000400220
57000400020
50440400000
50440400220
50440400020
50440500000
50440500020
50450400200
50450400202
50450400002
50460500002
50550040020
50550050000
50550050002
50660004002
50770000400
50770000002
50880000000
50033400200
50033400202
50033400002
50033500002
50034400000
50034400220
50034400020
50035500002
50044440022
50045040000
50040440022
50055044000
50056004000
50050403022
50050044002
50066005000
50077000400
66600400222
66600400022
66600040020
66700500022
66700040020
66004403022
66005500302
66007700000
66000344002
66000440300
66000404400
66000500400
67005000200
67005000202
67005000002
67000500000
67000500020
67000030222
67000030022
67000040002
68000040022
60550030000
60550030220
60550030020
60550040000
60560040000
60044030000
60044030220
60044030020
60044040000
60045040022
60055003000
60055003002
60055004002
60066000302
60088000000
60003340020
60003440000
60004444000
60004504002
60004033022
60005040300
60005004400
60006700000
70000000000
77700040022
77000700000
77000040330
77000002222
77000002022
78000500000
78000500020
78000003020
70660003020
70600030222
70600030022
70600040002
70600002200
70600002202
70600002002
70600000220
70600000020
70050000000
70050002220
70050002020
70050000222
70050000022
70004403020
70004002222
70004002022
70005000200
70005000202
70005000002
70006000020
70007000000
70000300000
70000333022
70000302222
70000302022
70000403300
70000022220
70000022020
70000020222
70000020022
70000002200
70000002202
70000002002
70000000220
70000000020
80000000000
88000040020
88000050000
88000050002
88000000200
88000000202
88000000002
80700000220
80700000020
80060000220
80060000020
80005000000
80005000222
80005000022
80000700000
80000030200
80000030202
80000030002
80000002222
80000002022
02222300000
02222302222
02222302022
02222700000
02223000000
02223022200
02223022202
02223022002
02223020220
02223020020
02223002000
02223000200
02223000202
02223000002
02224700000
02224033022
02226700000
02220300000
02220302222
02220302022
02220700000
02233302200
02233302202
02233302002
02233300220
02233300020
02233400000
02233400220
02233400020
02234500022
02235600000
02236660000
02238000000
02244440000
02244035000
02245045000
02246660000
02247005000
02248000000
02240335000
02256004400
02257000400
02250033000
02250033400
02250033002
02266004400
02260003300
02202302000
02202300200
02202300202
02202300002
02203330200
02203330202
02203330002
02203700000
02203022220
02203022020
02203020222
02203020022
02203002200
02203002202
02203002002
02203000220
02203000020
02205700000
02205003302
02206000330
02207700000
02207000030
02200302000
02200300200
02200300202
02200300002
02333600000
02334002220
02334002020
02334000222
02334000022
02344660000
02345005000
02355004400
02356000020
02366700000
02367000000
02377700000
02370600002
02370000002
02380000002
02444405000
02445500022
02440355000
02440360000
02440405000
02450450400
02450500022
02477000002
02406660000
02555040002
02550440020
02570600000
02570055000
02570004002
02580700000
02504030222
02504030022
02505040000
02507060000
02500334002
02660003330
02670004400
02670000300
02600033300
02600044400
02770000000
02770000330
02770000022
02700003330
02700003022
02022302220
02022302020
02022300222
02022300022
02023330222
02023330022
02023022000
02023020200
02023020202
02023020002
02023002222
02023002022
02024033020
02025003300
02028000000
02020302220
02020302020
02020300222
02020300022
02033302000
02033300200
02033300202
02033300002
02033400200
02033400202
02033400002
02034460000
02034500000
02034500020
02037060000
02037000002
02044440022
02046055000
02040330222
02040330022
02055044000
02058000000
02050403022
02050504000
02050050400
02067005000
02068000000
02077000000
02077000400
02070000302
02080000030
02002300000
02002302222
02002302022
02002700000
02003000000
02003022200
02003022202
02003022002
02003020220
02003020020
02003002000
02003000200
02003000202
02003000002
02004700000
02004033022
02006700000
02000300000
02000302222
02000302022
02000700000
03336000000
03336000022
03337700000
03350060000
03350002222
03350002022
03360000220
03360000020
03446600000
03447060000
03440550030
03556050000
03556050002
03550660000
03666004000
03667005000
03670000302
03777000030
03706000400
03706000002
03700000222
03700000022
03800000022
04444060000
04455000220
04455000020
04466000000
04466000022
04405005000
04555004000
04555005000
04505000000
04505000222
04505000022
04605500302
04770000000
04770000022
04700500022
04800600002
04033500022
04033600002
04055504002
04055605000
04055055000
04055060000
04066600400
04066000330
04067000030
05550400222
05550400022
05560500022
05504404000
05504405000
05505500022
05500355000
05500405000
05605500300
05600440300
05600500002
05706000002
05700040000
05800050000
05800050002
05003340000
05004455000
05005550400
05005505000
05005040302
06660040002
06600550030
06600040400
06600050030
06700500000
06700550030
06700500020
06700003020
06800600000
06800004002
06000333022
06000403300
07700040000
07700000222
07700000022
07800050000
07800050002
07060003000
07060003002
07000030000
07000033302
07000030220
07000030020
08800004002
08000003022
00222302220
00222302020
00222300222
00222300022
00223330222
00223330022
00223022000
00223020200
00223020202
00223020002
00223002222
00223002022
00224033020
00225003300
00228000000
00220302220
00220302020
00220300222
00220300022
00233302000
00233300200
00233300202
00233300002
00233400200
00233400202
00233400002
00234460000
00234500000
00234500020
00237060000
00237000002
00244440022
00246055000
00240330222
00240330022
00255044000
00258000000
00250403022
00250504000
00250050400
00267005000
00268000000
00277000000
00277000400
00270000302
00280000030
00202300000
00202302222
00202302022
00202700000
00203000000
00203022200
00203022202
00203022002
00203020220
00203020020
00203002000
00203000200
00203000202
00203000002
00204700000
00204033022
00206700000
00200300000
00200302222
00200302022
00200700000
00334002200
00334002202
00334002002
00334000220
00334000020
00335000000
00335000222
00335000022
00345000000
00345000222
00345000022
00356000400
00356000002
00370600000
00370600030
00380700000
00444400222
00444400022
00445500000
00445500020
00455500022
00450460000
00450500000
00450500020
00460550030
00477700000
00470660000
00480060000
00404455000
00404460000
00405550400
00405505000
00407060000
00555040000
00550440400
00550440002
00550034400
00560044030
00504030000
00504030220
00504030020
00505040022
00506050000
00506050002
00507700000
00500444400
00500550400
00660044000
00680060000
00605003022
00600033400
00600050030
00770004400
00770000020
00780005000
00700003020
00880000400
00800000302
00022302200
00022302202
00022302002
00022300220
00022300020
00023330000
00023330220
00023330020
00023020000
00023022222
00023022022
00023002220
00023002020
00023000222
00023000022
00024033000
00024033002
00020302200
00020302202
00020302002
00020300220
00020300020
00033300000
00033360000
00033302222
00033302022
00034500002
00035560000
00044440020
00047700000
00040330000
00040330220
00040330020
00055044002
00055003400
00056055000
00057060000
00050403020
00050504002
00050605000
00050700000
00050033022
00060003302
00060004030
00078000000
00070000330
00088000000
00002302220
00002302020
00002300222
00002300022
00003330222
00003330022
00003022000
00003020200
00003020202
00003020002
00003002222
00003002022
00004033020
00005003300
00008000000
00000302220
00000302020
00000300222
00000300022