22222302200
22222302202
22222302002
22222300220
22222300020
22223330000
22223330220
22223330020
22223020000
22223022222
22223022022
22223002220
22223002020
22223000222
22223000022
22224033000
22224033002
22220302200
22220302202
22220302002
22220300220
22220300020
22233300000
22233360000
22233302222
22233302022
22234500002
22235560000
22244440020
22247700000
22240330000
22240330220
22240330020
22255044002
22255003400
22256055000
22257060000
22250403020
22250504002
22250605000
22250700000
22250033022
22260003302
22260004030
22278000000
22270000330
22288000000
22202302220
22202302020
22202300222
22202300022
22203330222
22203330022
22203022000
22203020200
22203020202
22203020002
22203002222
22203002022
22204033020
22205003300
22208000000
22200302220
22200302020
22200300222
22200300022
22333700000
22334000000
22334002000
22334000200
22334000202
22334000002
22335000220
22335000020
22345000220
22345000020
22355600400
22366600030
22367000002
22370000000
22378000000
22370000022
22444400000
22444400220
22444400020
22445500002
22455500000
22455500020
22450500002
22466600002
22477000000
22403360000
22405560000
22555040022
22550440000
22550550000
22550550002
22550035000
22560550000
22560550002
22580005000
22504030200
22504030202
22504030002
22505040020
22500445000
22500555000
22500605000
22660044002
22660003400
22670055000
22670000302
22605003020
22600033302
22600050400
22770004000
22770005000
22770000002
22700003000
22700003002
22880000000
22022302000
22022300200
22022300202
22022300002
22023330200
22023330202
22023330002
22023700000
22023022220
22023022020
22023020222
22023020022
22023002200
22023002202
22023002002
22023000220
22023000020
22025700000
22025003302
22026000330
22027700000
22027000030
22020302000
22020300200
22020300202
22020300002
22033302220
22033302020
22033300222
22033300022
22033400222
22033400022
22035600002
22036700000
22037000000
22044440002
22045550000
22045550002
22040330200
22040330202
22040330002
22040445000
22040555000
22040605000
22050403000
22050403002
22050033020
22050044400
22066000330
22067000030
22060003330
22077000002
22070000300
22002302200
22002302202
22002302002
22002300220
22002300020
22003330000
22003330220
22003330020
22003020000
22003022222
22003022022
22003002220
22003002020
22003000222
22003000022
22004033000
22004033002
22000302200
22000302202
22000302002
22000300220
22000300020
23336600002
23336000002
23340660000
23340600002
23350002200
23350002202
23350002002
23350000220
23350000020
23360000000
23450050000
23450050002
23556004000
23557005000
23560004002
23660003330
23660004400
23670000300
23770000330
23706000000
23706000022
23700000200
23700000202
23700000002
23807000030
23800000002
24455005000
24466000002
24504504002
24504605000
24504060000
24505000200
24505000202
24505000002
24666000400
24605500300
24605005000
24777000030
24770000002
24700500002
24880000000
24033500002
24066005000
24070600030
25550400200
25550400202
25550400002
25560500002
25505500400
25505500002
25506600000
25500344000
25605500302
25600440302
25600450400
25600500022
25706000000
25706000022
25700040020
25088000000
25003340020
25003350000
25003350002
25004444000
25005040300
25006700000
25006050030
26660040022
26600440400
26600034400
26600040330
26700044030
26050030000
26050030220
26050030020
26000333000
26000333002
26000334002
26000403302
26000600030
27700040020
27700050000
27700050002
27700003330
27700000200
27700000202
27700000002
27060003022
27000033300
28800000000
28800000020
28000003000
28000003002
20222302000
20222300200
20222300202
20222300002
20223330200
20223330202
20223330002
20223700000
20223022220
20223022020
20223020222
20223020022
20223002200
20223002202
20223002002
20223000220
20223000020
20225700000
20225003302
20226000330
20227700000
20227000030
20220302000
20220300200
20220300202
20220300002
20233302220
20233302020
20233300222
20233300022
20233400222
20233400022
20235600002
20236700000
20237000000
20244440002
20245550000
20245550002
20240330200
20240330202
20240330002
20240445000
20240555000
20240605000
20250403000
20250403002
20250033020
20250044400
20266000330
20267000030
20260003330
20277000002
20270000300
20202302200
20202302202
20202302002
20202300220
20202300020
20203330000
20203330220
20203330020
20203020000
20203022222
20203022022
20203002220
20203002020
20203000222
20203000022
20204033000
20204033002
20200302200
20200302202
20200302002
20200300220
20200300020
20333660000
20333600002
20334060000
20334002222
20334002022
20335000200
20335000202
20335000002
20344605000
20344700000
20344055000
20345000200
20345000202
20345000002
20355605000
20355700000
20355060000
20356000000
20356000022
20366600400
20366000330
20367000030
20370000020
20380000000
20444400200
20444400202
20444400002
20455500400
20455500002
20450405000
20466600000
20466600030
20460560000
20470050000
20470050002
20488000000
20403350000
20403350002
20406700000
20406050030
20555040020
20550440022
20550040400
20560550030
20560045000
20570660000
20570600002
20570004000
20505040002
20508000000
20500334000
20500335000
20500504030
20660044030
20660055000
20660004030
20670050000
20670050002
20680000400
20605003000
20605003002
20600700000
20600040330
20770004002
20780000030
20700004030
20880000002
20800000300
20022300000
20022302222
20022302022
20022700000
20023000000
20023022200
20023022202
20023022002
20023020220
20023020020
20023002000
20023000200
20023000202
20023000002
20024700000
20024033022
20026700000
20020300000
20020302222
20020302022
20020700000
20033302200
20033302202
20033302002
20033300220
20033300020
20033400000
20033400220
20033400020
20034500022
20035600000
20036660000
20038000000
20044440000
20044035000
20045045000
20046660000
20047005000
20048000000
20040335000
20056004400
20057000400
20050033000
20050033400
20050033002
20066004400
20060003300
20002302000
20002300200
20002300202
20002300002
20003330200
20003330202
20003330002
20003700000
20003022220
20003022020
20003020222
20003020022
20003002200
20003002202
20003002002
20003000220
20003000020
20005700000
20005003302
20006000330
20007700000
20007000030
20000302000
20000300200
20000300202
20000300002
33366000302
33360000220
33360000020
33370000000
33370000022
33406000000
33406000022
33407700000
33500700000
33600000000
33660003000
33660003002
33660004002
33660000222
33660000022
33600002000
33600000200
33600000202
33600000002
33770000400
33770000002
33700000222
33700000022
34466000000
34466000022
34460500022
34477000002
34405500300
34500500000
34500500020
34500600000
34066000000
34066000022
34060000200
34060000202
34060000002
34077000002
34070000020
35560500022
35560040020
35600040000
35006600000
35006600030
35007000002
36660040002
36660003020
36670004000
36600050030
36700003020
36700004000
36000700000
37000000000
37770004000
37060003000
37060003002
37060004002
37060000222
37060000022
37000002000
37000000200
37000000202
37000000002
38070000000
38070000022
38000000200
38000000202
38000000002
44406000002
44660000200
44660000202
44660000002
44605000220
44605000020
44770000000
44770000022
44706000000
44706000022
44035500022
45550040020
45550050000
45550050002
45045040002
45005000000
45005000222
45005000022
46660003020
46660004000
47700000222
47700000022
48006000000
48006000022
40335000200
40335000202
40335000002
40336000020
40355000220
40355000020
40366000000
40366000022
40405500022
40555040020
40500550000
40500550002
40500660000
40666004002
40660055000
40660060000
40660004030
40605003000
40605003002
40600055000
40600060000
40780000030
40706000302
55500400000
55500400220
55500400020
55500500000
55500500020
55605000220
55605000020
55600400222
55600400022
55706000000
55706000022
55700500022
55044040000
55055004002
55003440000
55003550000
55003550002
55004403020
55004055000
55005004400
56055003020
56055004000
56005000000
56005000222
56005000022
56000400000
56000400220
56000400020
56000500000
56000500020
57060000200
57060000202
57060000002
57005500302
57000400222
57000400022
58070000002
58000500002
50440400222
50440400022
50440500022
50450400000
50450400220
50450400020
50460500000
50460500020
50550040022
50660004000
50660005000
50770000020
50033400000
50033400220
50033400020
50033500000
50033500020
50034400222
50034400022
50035500000
50035500020
50044440000
50044550000
50044550002
50045040002
50040440000
50040550000
50040550002
50050044000
50066004400
50067000400
50060500300
50060005000
50070000400
66600030200
66600030202
66600030002
66600040022
66700040022
66005500400
66006600000
66006600030
66000333000
66000333002
66000344000
66000403302
66000600030
67005500302
67005000220
67005000020
67000440302
67000500022
67000040020
68006000002
68000040000
60550030222
60550030022
60550040002
60560040002
60044030222
60044030022
60044040002
60045040000
60055003020
60055004000
60066000400
60077000000
60003330200
60003330202
60003330002
60003340022
60003440002
60004504000
60004044002
60005003302
60006600400
60006000330
60007000030
77000000000
77700040000
77700003000
77700003002
77000440300
77000400200
77000400202
77000400002
77000500002
77000033302
77000002000
77000000200
77000000202
77000000002
78000500022
78000003022
70660003022
70600040020
70600050000
70600050002
70600002220
70600002020
70600000222
70600000022
70055003000
70055003002
70050002222
70050002022
70004000000
70004403022
70004002000
70004000200
70004000202
70004000002
70005500302
70005000220
70005000020
70006000000
70006000022
70007700000
70000302000
70000300200
70000300202
70000300002
70000020000
70000022222
70000022022
70000002220
70000002020
70000000222
70000000022
88000000000
88000040022
88000060000
88000000220
88000000020
80700003000
80700003002
80700004002
80700000222
80700000022
80060000222
80060000022
80000400200
80000400202
80000400002
80000500002
80000030000
80000030220
80000030020
80000002000
80000000200
80000000202
80000000002
02222302000
02222300200
02222300202
02222300002
02223330200
02223330202
02223330002
02223700000
02223022220
02223022020
02223020222
02223020022
02223002200
02223002202
02223002002
02223000220
02223000020
02225700000
02225003302
02226000330
02227700000
02227000030
02220302000
02220300200
02220300202
02220300002
02233302220
02233302020
02233300222
02233300022
02233400222
02233400022
02235600002
02236700000
02237000000
02244440002
02245550000
02245550002
02240330200
02240330202
02240330002
02240445000
02240555000
02240605000
02250403000
02250403002
02250033020
02250044400
02266000330
02267000030
02260003330
02277000002
02270000300
02202302200
02202302202
02202302002
02202300220
02202300020
02203330000
02203330220
02203330020
02203020000
02203022222
02203022022
02203002220
02203002020
02203000222
02203000022
02204033000
02204033002
02200302200
02200302202
02200302002
02200300220
02200300020
02333660000
02333600002
02334060000
02334002222
02334002022
02335000200
02335000202
02335000002
02344605000
02344700000
02344055000
02345000200
02345000202
02345000002
02355605000
02355700000
02355060000
02356000000
02356000022
02366600400
02366000330
02367000030
02370000020
02380000000
02444400200
02444400202
02444400002
02455500400
02455500002
02450405000
02466600000
02466600030
02460560000
02470050000
02470050002
02488000000
02403350000
02403350002
02406700000
02406050030
02555040020
02550440022
02550040400
02560550030
02560045000
02570660000
02570600002
02570004000
02505040002
02508000000
02500334000
02500335000
02500504030
02660044030
02660055000
02660004030
02670050000
02670050002
02680000400
02605003000
02605003002
02600700000
02600040330
02770004002
02780000030
02700004030
02880000002
02800000300
02022300000
02022302222
02022302022
02022700000
02023000000
02023022200
02023022202
02023022002
02023020220
02023020020
02023002000
02023000200
02023000202
02023000002
02024700000
02024033022
02026700000
02020300000
02020302222
02020302022
02020700000
02033302200
02033302202
02033302002
02033300220
02033300020
02033400000
02033400220
02033400020
02034500022
02035600000
02036660000
02038000000
02044440000
02044035000
02045045000
02046660000
02047005000
02048000000
02040335000
02056004400
02057000400
02050033000
02050033400
02050033002
02066004400
02060003300
02002302000
02002300200
02002300202
02002300002
02003330200
02003330202
02003330002
02003700000
02003022220
02003022020
02003020222
02003020022
02003002200
02003002202
02003002002
02003000220
02003000020
02005700000
02005003302
02006000330
02007700000
02007000030
02000302000
02000300200
02000300202
02000300002
03336600000
03336600030
03337000002
03340600000
03350002000
03350000200
03350000202
03350000002
03360000222
03360000022
03446600002
03440660000
03556004002
03557060000
03550700000
03550044030
03550055000
03666000300
03667000400
03670000400
03700000000
03706000300
03706000020
03807000000
04455000000
04455000222
04455000022
04403550000
04403550002
04403660000
04404055000
04404060000
04666000302
04605600400
04706600030
04880000002
04055504000
04060500302
04078000000
05500344002
05500404400
05500500400
05600500000
05600500020
05706000020
05700550030
05700040002
05807000000
05077000002
05003340002
05004444002
05005504400
06660040020
06600440302
06600550000
06600550002
06600660000
06600033300
06700500022
06700003022
06800600002
06800004000
06050030200
06050030202
06050030002
06007700000
06000444400
06000550400
07700000000
07700040002
07800000302
07060003020
07000030222
07000030022
07000050030
08800004000
08800005000
08800000002
00222300000
00222302222
00222302022
00222700000
00223000000
00223022200
00223022202
00223022002
00223020220
00223020020
00223002000
00223000200
00223000202
00223000002
00224700000
00224033022
00226700000
00220300000
00220302222
00220302022
00220700000
00233302200
00233302202
00233302002
00233300220
00233300020
00233400000
00233400220
00233400020
00234500022
00235600000
00236660000
00238000000
00244440000
00244035000
00245045000
00246660000
00247005000
00248000000
00240335000
00256004400
00257000400
00250033000
00250033400
00250033002
00266004400
00260003300
00202302000
00202300200
00202300202
00202300002
00203330200
00203330202
00203330002
00203700000
00203022220
00203022020
00203020222
00203020022
00203002200
00203002202
00203002002
00203000220
00203000020
00205700000
00205003302
00206000330
00207700000
00207000030
00200302000
00200300200
00200300202
00200300002
00333600000
00334002220
00334002020
00334000222
00334000022
00344660000
00345005000
00355004400
00356000020
00366700000
00367000000
00377700000
00370600002
00370000002
00380000002
00444405000
00445500022
00440355000
00440360000
00440405000
00450450400
00450500022
00477000002
00406660000
00555040002
00550440020
00570600000
00570055000
00570004002
00580700000
00504030222
00504030022
00505040000
00507060000
00500334002
00660003330
00670004400
00670000300
00600033300
00600044400
00770000000
00770000330
00770000022
00700003330
00700003022
00022302220
00022302020
00022300222
00022300022
00023330222
00023330022
00023022000
00023020200
00023020202
00023020002
00023002222
00023002022
00024033020
00025003300
00028000000
00020302220
00020302020
00020300222
00020300022
00033302000
00033300200
00033300202
00033300002
00033400200
00033400202
00033400002
00034460000
00034500000
00034500020
00037060000
00037000002
00044440022
00046055000
00040330222
00040330022
00055044000
00058000000
00050403022
00050504000
00050050400
00067005000
00068000000
00077000000
00077000400
00070000302
00080000030
00002300000
00002302222
00002302022
00002700000
00003000000
00003022200
00003022202
00003022002
00003020220
00003020020
00003002000
00003000200
00003000202
00003000002
00004700000
00004033022
00006700000
00000300000
00000302222
00000302022
00000700000