22222302220
22222302020
22222300222
22222300022
22223330222
22223330022
22223022000
22223020200
22223020202
22223020002
22223002222
22223002022
22224033020
22225003300
22228000000
22220302220
22220302020
22220300222
22220300022
22233302000
22233300200
22233300202
22233300002
22233400200
22233400202
22233400002
22234460000
22234500000
22234500020
22237060000
22237000002
22244440022
22246055000
22240330222
22240330022
22255044000
22258000000
22250403022
22250504000
22250050400
22267005000
22268000000
22277000000
22277000400
22270000302
22280000030
22202300000
22202302222
22202302022
22202700000
22203000000
22203022200
22203022202
22203022002
22203020220
22203020020
22203002000
22203000200
22203000202
22203000002
22204700000
22204033022
22206700000
22200300000
22200302222
22200302022
22200700000
22334002200
22334002202
22334002002
22334000220
22334000020
22335000000
22335000222
22335000022
22345000000
22345000222
22345000022
22356000400
22356000002
22370600000
22370600030
22380700000
22444400222
22444400022
22445500000
22445500020
22455500022
22450460000
22450500000
22450500020
22460550030
22477700000
22470660000
22480060000
22404455000
22404460000
22405550400
22405505000
22407060000
22555040000
22550440400
22550440002
22550034400
22560044030
22504030000
22504030220
22504030020
22505040022
22506050000
22506050002
22507700000
22500444400
22500550400
22660044000
22680060000
22605003022
22600033400
22600050030
22770004400
22770000020
22780005000
22700003020
22880000400
22800000302
22022302200
22022302202
22022302002
22022300220
22022300020
22023330000
22023330220
22023330020
22023020000
22023022222
22023022022
22023002220
22023002020
22023000222
22023000022
22024033000
22024033002
22020302200
22020302202
22020302002
22020300220
22020300020
22033300000
22033360000
22033302222
22033302022
22034500002
22035560000
22044440020
22047700000
22040330000
22040330220
22040330020
22055044002
22055003400
22056055000
22057060000
22050403020
22050504002
22050605000
22050700000
22050033022
22060003302
22060004030
22078000000
22070000330
22088000000
22002302220
22002302020
22002300222
22002300022
22003330222
22003330022
22003022000
22003020200
22003020202
22003020002
22003002222
22003002022
22004033020
22005003300
22008000000
22000302220
22000302020
22000300222
22000300022
23336000020
23337000000
23340700000
23350000000
23350002220
23350002020
23350000222
23350000022
23360000200
23360000202
23360000002
23446050000
23446050002
23447700000
23450060000
23560004000
23560005000
23666004002
23666000302
23660060000
23660004030
23777000400
23780000030
23706000302
23700000220
23700000020
23800000000
23807000002
23800000020
24444050000
24444050002
24455000200
24455000202
24455000002
24466000020
24555004002
24504504000
24505000220
24505000020
24666000300
24770000020
24700500000
24700500020
24800600000
24033500000
24033500020
24033600000
24044550000
24044550002
24044660000
24060500300
25550400000
25550400220
25550400020
25560500000
25560500020
25504404002
25505500000
25505500020
25506600002
25605500400
25706600030
25700040022
25807000002
25077000000
25003340022
25006600400
26660040000
26600440300
26600033302
26700500002
26700003000
26700003002
26050030222
26050030022
26008000000
26000333020
26000334000
26000504030
26000500330
27700044030
27700040022
27700055000
27700060000
27700004030
27700000220
27700000020
27800000300
27000700000
27000030200
27000030202
27000030002
27000040330
28800000022
28000003020
20222302200
20222302202
20222302002
20222300220
20222300020
20223330000
20223330220
20223330020
20223020000
20223022222
20223022022
20223002220
20223002020
20223000222
20223000022
20224033000
20224033002
20220302200
20220302202
20220302002
20220300220
20220300020
20233300000
20233360000
20233302222
20233302022
20234500002
20235560000
20244440020
20247700000
20240330000
20240330220
20240330020
20255044002
20255003400
20256055000
20257060000
20250403020
20250504002
20250605000
20250700000
20250033022
20260003302
20260004030
20278000000
20270000330
20288000000
20202302220
20202302020
20202300222
20202300022
20203330222
20203330022
20203022000
20203020200
20203020202
20203020002
20203002222
20203002022
20204033020
20205003300
20208000000
20200302220
20200302020
20200300222
20200300022
20333700000
20334000000
20334002000
20334000200
20334000202
20334000002
20335000220
20335000020
20345000220
20345000020
20355600400
20366600030
20367000002
20370000000
20378000000
20370000022
20444400000
20444400220
20444400020
20445500002
20455500000
20455500020
20450500002
20466600002
20477000000
20403360000
20405560000
20555040022
20550440000
20550550000
20550550002
20550035000
20560550000
20560550002
20580005000
20504030200
20504030202
20504030002
20505040020
20500445000
20500555000
20500605000
20660044002
20660003400
20670055000
20670000302
20605003020
20600033302
20600050400
20770004000
20770005000
20770000002
20700003000
20700003002
20880000000
20022302000
20022300200
20022300202
20022300002
20023330200
20023330202
20023330002
20023700000
20023022220
20023022020
20023020222
20023020022
20023002200
20023002202
20023002002
20023000220
20023000020
20025700000
20025003302
20026000330
20027700000
20027000030
20020302000
20020300200
20020300202
20020300002
20033302220
20033302020
20033300222
20033300022
20033400222
20033400022
20035600002
20036700000
20037000000
20044440002
20045550000
20045550002
20040330200
20040330202
20040330002
20040445000
20040555000
20040605000
20050403000
20050403002
20050033020
20050044400
20066000330
20067000030
20060003330
20077000002
20070000300
20002302200
20002302202
20002302002
20002300220
20002300020
20003330000
20003330220
20003330020
20003020000
20003022222
20003022022
20003002220
20003002020
20003000222
20003000022
20004033000
20004033002
20000302200
20000302202
20000302002
20000300220
20000300020
33366000400
33366000002
33360000222
33360000022
33377000000
33406600000
33406600030
33407000002
33660000000
33660003020
33660004000
33660005000
33600002200
33600002202
33600002002
33600000220
33600000020
33700000000
33770000300
33770000020
34500500022
34500600002
34066000302
34060000220
34060000020
34070000000
34070000022
35560040022
35570050000
35570050002
35507700000
35500440300
35600040002
35006600002
35006000002
36660040020
36660003022
36600660000
36600033300
36700003022
37770000300
37800000302
37060000000
37060003020
37060004000
37060005000
37000002200
37000002202
37000002002
37000000220
37000000020
38000000000
38070000302
38000000220
38000000020
44440500002
44405000200
44405000202
44405000002
44406000020
44660000220
44660000020
44605000000
44605000222
44605000022
44055003000
44055003002
44050055000
44050060000
44066000302
45550040022
45500500002
45045040020
45006000002
46660003022
46600050000
46600050002
46055003000
46055003002
46056004002
46050060000
47700000000
47770000300
47700005000
47066000300
47060005000
47005000200
47005000202
47005000002
48800000002
40335000220
40335000020
40336000000
40336000022
40355000000
40355000222
40355000022
40445500002
40446600000
40555040022
40556050000
40556050002
40550550000
40550550002
40550660000
40666004000
40670000302
40605003020
40770005000
55500400222
55500400022
55500500022
55605000000
55605000222
55605000022
55044040002
55055004000
55055005000
55066000400
55066000002
55077000000
55003440002
55004403022
55004044002
55005500302
56055003022
56004403000
56004403002
56000400222
56000400022
56000500022
57066000302
57060000220
57060000020
58070000020
58000500000
58000500020
50450400222
50450400022
50460500022
50550040000
50770000000
50770000022
50033400222
50033400022
50033500022
50035500022
50044440002
50045040020
50040440002
50055504002
50055055000
50050403000
50050403002
50066000330
50067000030
50060004400
66600400200
66600400202
66600400002
66600030000
66600030220
66600030020
66600040000
66700500002
66700040000
66004403000
66004403002
66004404002
66005500300
66006600002
66000333020
66000440302
66000500330
67005000000
67005000222
67005000022
67000030200
67000030202
67000030002
67000040022
68006000020
68000040002
60550040020
60560040020
60044040020
60045040002
60055003022
60066000300
60077000030
60003330000
60003330220
60003330020
60003340000
60003440020
60004033000
60004033002
60004044000
60005600400
60005040302
77700040002
77700003020
77000400000
77000400220
77000400020
77000500000
77000550030
77000500020
77000600000
77000050030
77000002200
77000002202
77000002002
77000000220
77000000020
70600030200
70600030202
70600030002
70600040022
70600060000
70600002222
70600002022
70055003020
70050002000
70050000200
70050000202
70050000002
70004002200
70004002202
70004002002
70004000220
70004000020
70005000000
70005000222
70005000022
70006600030
70007000002
70000333000
70000333002
70000302200
70000302202
70000302002
70000300220
70000300020
70000403302
70000600030
70000022000
70000020200
70000020202
70000020002
70000002222
70000002022
88000040000
88000000222
88000000022
80700000000
80700003020
80700004000
80700005000
80060000000
80005000200
80005000202
80005000002
80000400000
80000400220
80000400020
80000500000
80000500020
80000600000
80000030222
80000030022
80000002200
80000002202
80000002002
80000000220
80000000020
02222302200
02222302202
02222302002
02222300220
02222300020
02223330000
02223330220
02223330020
02223020000
02223022222
02223022022
02223002220
02223002020
02223000222
02223000022
02224033000
02224033002
02220302200
02220302202
02220302002
02220300220
02220300020
02233300000
02233360000
02233302222
02233302022
02234500002
02235560000
02244440020
02247700000
02240330000
02240330220
02240330020
02255044002
02255003400
02256055000
02257060000
02250403020
02250504002
02250605000
02250700000
02250033022
02260003302
02260004030
02278000000
02270000330
02288000000
02202302220
02202302020
02202300222
02202300022
02203330222
02203330022
02203022000
02203020200
02203020202
02203020002
02203002222
02203002022
02204033020
02205003300
02208000000
02200302220
02200302020
02200300222
02200300022
02333700000
02334000000
02334002000
02334000200
02334000202
02334000002
02335000220
02335000020
02345000220
02345000020
02355600400
02366600030
02367000002
02370000000
02378000000
02370000022
02444400000
02444400220
02444400020
02445500002
02455500000
02455500020
02450500002
02466600002
02477000000
02403360000
02405560000
02555040022
02550440000
02550550000
02550550002
02550035000
02560550000
02560550002
02580005000
02504030200
02504030202
02504030002
02505040020
02500445000
02500555000
02500605000
02660044002
02660003400
02670055000
02670000302
02605003020
02600033302
02600050400
02770004000
02770005000
02770000002
02700003000
02700003002
02880000000
02022302000
02022300200
02022300202
02022300002
02023330200
02023330202
02023330002
02023700000
02023022220
02023022020
02023020222
02023020022
02023002200
02023002202
02023002002
02023000220
02023000020
02025700000
02025003302
02026000330
02027700000
02027000030
02020302000
02020300200
02020300202
02020300002
02033302220
02033302020
02033300222
02033300022
02033400222
02033400022
02035600002
02036700000
02037000000
02044440002
02045550000
02045550002
02040330200
02040330202
02040330002
02040445000
02040555000
02040605000
02050403000
02050403002
02050033020
02050044400
02066000330
02067000030
02060003330
02077000002
02070000300
02002302200
02002302202
02002302002
02002300220
02002300020
02003330000
02003330220
02003330020
02003020000
02003022222
02003022022
02003002220
02003002020
02003000222
02003000022
02004033000
02004033002
02000302200
02000302202
02000302002
02000300220
02000300020
03336600002
03336000002
03340660000
03340600002
03350002200
03350002202
03350002002
03350000220
03350000020
03360000000
03450050000
03450050002
03556004000
03557005000
03560004002
03660003330
03660004400
03670000300
03770000330
03706000000
03706000022
03700000200
03700000202
03700000002
03807000030
03800000002
04455005000
04466000002
04504504002
04504605000
04504060000
04505000200
04505000202
04505000002
04666000400
04605500300
04605005000
04777000030
04770000002
04700500002
04880000000
04033500002
04066005000
04070600030
05550400200
05550400202
05550400002
05560500002
05505500400
05505500002
05506600000
05500344000
05605500302
05600440302
05600450400
05600500022
05706000000
05706000022
05700040020
05088000000
05003340020
05003350000
05003350002
05004444000
05005040300
05006700000
05006050030
06660040022
06600440400
06600034400
06600040330
06700044030
06050030000
06050030220
06050030020
06000333000
06000333002
06000334002
06000403302
06000600030
07700040020
07700050000
07700050002
07700003330
07700000200
07700000202
07700000002
07060003022
07000033300
08800000000
08800000020
08000003000
08000003002
00222302000
00222300200
00222300202
00222300002
00223330200
00223330202
00223330002
00223700000
00223022220
00223022020
00223020222
00223020022
00223002200
00223002202
00223002002
00223000220
00223000020
00225700000
00225003302
00226000330
00227700000
00227000030
00220302000
00220300200
00220300202
00220300002
00233302220
00233302020
00233300222
00233300022
00233400222
00233400022
00235600002
00236700000
00237000000
00244440002
00245550000
00245550002
00240330200
00240330202
00240330002
00240445000
00240555000
00240605000
00250403000
00250403002
00250033020
00250044400
00266000330
00267000030
00260003330
00277000002
00270000300
00202302200
00202302202
00202302002
00202300220
00202300020
00203330000
00203330220
00203330020
00203020000
00203022222
00203022022
00203002220
00203002020
00203000222
00203000022
00204033000
00204033002
00200302200
00200302202
00200302002
00200300220
00200300020
00333660000
00333600002
00334060000
00334002222
00334002022
00335000200
00335000202
00335000002
00344605000
00344700000
00344055000
00345000200
00345000202
00345000002
00355605000
00355700000
00355060000
00356000000
00356000022
00366600400
00366000330
00367000030
00370000020
00380000000
00444400200
00444400202
00444400002
00455500400
00455500002
00450405000
00466600000
00466600030
00460560000
00470050000
00470050002
00488000000
00403350000
00403350002
00406700000
00406050030
00555040020
00550440022
00550040400
00560550030
00560045000
00570660000
00570600002
00570004000
00505040002
00508000000
00500334000
00500335000
00500504030
00660044030
00660055000
00660004030
00670050000
00670050002
00680000400
00605003000
00605003002
00600700000
00600040330
00770004002
00780000030
00700004030
00880000002
00800000300
00022300000
00022302222
00022302022
00022700000
00023000000
00023022200
00023022202
00023022002
00023020220
00023020020
00023002000
00023000200
00023000202
00023000002
00024700000
00024033022
00026700000
00020300000
00020302222
00020302022
00020700000
00033302200
00033302202
00033302002
00033300220
00033300020
00033400000
00033400220
00033400020
00034500022
00035600000
00036660000
00038000000
00044440000
00044035000
00045045000
00046660000
00047005000
00048000000
00040335000
00056004400
00057000400
00050033000
00050033400
00050033002
00066004400
00060003300
00002302000
00002300200
00002300202
00002300002
00003330200
00003330202
00003330002
00003700000
00003022220
00003022020
00003020222
00003020022
00003002200
00003002202
00003002002
00003000220
00003000020
00005700000
00005003302
00006000330
00007700000
00007000030
00000302000
00000300200
00000300202
00000300002