n 8 class 0 classsize 2 expanded 6855 seen 17867 stopped True 420s
J != 0 rows 153
key = (out-degree, sorted dim J_i over i with J_i != 0): rows
(1, (1,)) 16
(2, (1, 1)) 23
(2, (1, 1, 1)) 1
(2, (1,)) 112
(3, (1, 1)) 1
dim (P_iv/I) at the i with J_i != 0 -> count: {2: 179}
EX (2, (1,)) v 3 {5: 1} [[[1, 3, 8]], [[2, 4, 5, 7]], [[4, 5, 1]], [[4, 5, 1, 3], [4, 5, 7, 3]], [[5, 1, 3, 6], [5, 7, 3, 6]], [[5, 7, 3, 6, 8]], [[7, 3, 6, 8], [7, 3, 8]]]
EX (2, (1, 1)) v 3 {4: 1, 5: 1} [[[1, 3, 8]], [[2, 4, 1]], [[2, 4, 7, 3]], [[4, 1, 3, 6], [4, 7, 3, 6]], [[4, 7, 3, 6, 8]], [[7, 3, 6, 8], [7, 3, 8]]]
EX (1, (1,)) v 1 {3: 1} [[[3, 4, 1, 2], [3, 6, 1, 2]], [[4, 1, 2, 8]], [[5, 3, 4, 1], [5, 3, 6, 1]], [[6, 1, 2, 8], [6, 7, 8]]]
EX (2, (1, 1, 1)) v 3 {2: 1, 4: 1, 5: 1} [[[1, 3, 8]], [[2, 1, 3, 6], [2, 3, 6]], [[2, 3, 6, 8]], [[2, 3, 8]], [[4, 2, 3], [4, 7, 3]], [[7, 3, 6, 8], [7, 3, 8]]]
EX (3, (1, 1)) v 4 {3: 1, 5: 1} [[[1, 2, 4, 6], [1, 4, 6]], [[1, 2, 4, 8], [1, 4, 6, 8], [1, 4, 8]], [[1, 2, 4, 8], [1, 4, 8]], [[1, 4, 8]], [[2, 4, 6, 8], [2, 4, 8], [2, 4, 8]], [[3, 1, 4], [3, 7, 2, 4]], [[5, 1, 2], [5, 7, 2]], [[7, 2, 4, 6, 8], [7, 2, 4, 8]]]
