n 8 class 1 classsize 8 expanded 10625 seen 27929 stopped True 420s
J != 0 rows 56
key = (out-degree, sorted dim J_i over i with J_i != 0): rows
(1, (1, 1)) 8
(1, (1,)) 10
(2, (1,)) 38
dim (P_iv/I) at the i with J_i != 0 -> count: {2: 64}
EX (1, (1, 1)) v 3 {5: 1, 6: 1} [[[2, 4, 5, 6, 8]], [[4, 5, 6, 1]], [[4, 5, 6, 1, 3], [4, 5, 6, 8, 3]], [[6, 1, 3, 7], [6, 8, 3, 7]]]
EX (2, (1,)) v 4 {8: 1} [[[2, 4, 1], [2, 4, 3, 1]], [[5, 8, 2, 4], [5, 8, 6, 7, 4]], [[6, 7, 4, 3, 1]], [[7, 4, 1]], [[8, 2, 4, 3], [8, 6, 7, 4, 3]]]
EX (1, (1,)) v 5 {3: 1} [[[2, 5, 4, 1]], [[2, 5, 4, 1]], [[2, 5, 4, 1], [2, 5, 4, 1]], [[3, 2, 5, 4], [3, 2, 5, 4]], [[6, 2, 5]], [[7, 3, 2]], [[8, 2, 5]]]
