ROW exp 6820 v 4 outs [(4, 6, 0), (4, 8, 0), (4, 8, 1)] J {3: 1, 5: 1} dimJ 2 FAILS disc support [(4, 3), (4, 5)] rels [[[1, 2, 4, 6], [1, 4, 6]], [[1, 2, 4, 8], [1, 4, 6, 8], [1, 4, 8]], [[1, 2, 4, 8], [1, 4, 8]], [[1, 4, 8]], [[2, 4, 6, 8], [2, 4, 8], [2, 4, 8]], [[3, 1, 4], [3, 7, 2, 4]], [[5, 1, 2], [5, 7, 2]], [[7, 2, 4, 6, 8], [7, 2, 4, 8]]]
ROW exp 7424 v 4 outs [(4, 6, 0), (4, 8, 0), (4, 8, 1)] J {1: 1, 5: 1} dimJ 2 FAILS disc support [(4, 1), (4, 5)] rels [[[1, 3, 4], [1, 7, 2, 4]], [[2, 4, 6, 8], [2, 4, 8], [2, 4, 8]], [[3, 2, 4, 6], [3, 4, 6]], [[3, 2, 4, 8], [3, 4, 6, 8], [3, 4, 8]], [[3, 2, 4, 8], [3, 4, 8]], [[3, 4, 8]], [[5, 3, 2], [5, 7, 2]], [[7, 2, 4, 6, 8], [7, 2, 4, 8]]]
ROW exp 7822 v 7 outs [(7, 4, 0), (7, 8, 0), (7, 8, 1)] J {3: 1, 5: 1} dimJ 2 FAILS disc support [(7, 3), (7, 5)] rels [[[1, 7, 4, 8]], [[1, 7, 8]], [[1, 7, 8]], [[2, 5, 1]], [[2, 5, 6]], [[2, 5, 6], [2, 5, 6]], [[3, 1, 7], [3, 6, 7]], [[3, 6, 1, 7, 4], [3, 6, 7, 4]], [[5, 1, 7], [5, 6, 7]], [[5, 6, 1, 7, 4], [5, 6, 1, 7, 4], [5, 6, 7, 4]], [[6, 1, 7, 4, 8]], [[6, 1, 7, 4, 8], [6, 1, 7, 4, 8], [6, 7, 8]], [[6, 1, 7, 4, 8], [6, 7, 4, 8]], [[6, 1, 7, 4, 8], [6, 7, 4, 8]], [[6, 1, 7, 4, 8], [6, 7, 4, 8]], [[6, 1, 7, 4, 8], [6, 7, 4, 8]], [[6, 1, 7, 4, 8], [6, 7, 8]], [[6, 7, 4, 8]], [[6, 7, 4, 8]]]
ROW exp 7831 v 7 outs [(7, 4, 0), (7, 8, 0), (7, 8, 1)] J {1: 1, 5: 1} dimJ 2 FAILS disc support [(7, 1), (7, 5)] rels [[[1, 3, 7], [1, 6, 7]], [[1, 6, 3, 7, 4], [1, 6, 7, 4]], [[2, 5, 3]], [[2, 5, 6]], [[2, 5, 6], [2, 5, 6]], [[3, 7, 4, 8]], [[3, 7, 8]], [[3, 7, 8]], [[5, 3, 7], [5, 6, 7]], [[5, 6, 3, 7, 4], [5, 6, 7, 4], [5, 6, 7, 4]], [[6, 3, 7, 4, 8]], [[6, 3, 7, 4, 8], [6, 7, 4, 8]], [[6, 3, 7, 4, 8], [6, 7, 4, 8]], [[6, 3, 7, 4, 8], [6, 7, 4, 8]], [[6, 3, 7, 4, 8], [6, 7, 4, 8]], [[6, 7, 4, 8]], [[6, 7, 4, 8]], [[6, 7, 4, 8], [6, 7, 4, 8], [6, 7, 8]], [[6, 7, 4, 8], [6, 7, 8]]]
ROW exp 7836 v 7 outs [(7, 6, 0), (7, 8, 0), (7, 8, 1), (7, 8, 2)] J {1: 1, 3: 1, 5: 1} dimJ 3 FAILS disc support [(7, 1), (7, 3), (7, 5)] rels [[[1, 4, 7], [1, 4, 7]], [[1, 4, 7, 6], [1, 4, 7, 6]], [[2, 5, 4]], [[2, 5, 4]], [[2, 5, 4], [2, 5, 4]], [[3, 4, 7], [3, 4, 7]], [[3, 4, 7, 6], [3, 4, 7, 6]], [[4, 7, 6, 8]], [[4, 7, 6, 8]], [[4, 7, 6, 8]], [[4, 7, 6, 8]], [[4, 7, 6, 8], [4, 7, 6, 8]], [[4, 7, 6, 8], [4, 7, 6, 8]], [[4, 7, 6, 8], [4, 7, 6, 8]], [[4, 7, 6, 8], [4, 7, 6, 8]], [[4, 7, 6, 8], [4, 7, 6, 8]], [[4, 7, 6, 8], [4, 7, 6, 8]], [[4, 7, 6, 8], [4, 7, 6, 8], [4, 7, 8]], [[4, 7, 6, 8], [4, 7, 8]], [[4, 7, 6, 8], [4, 7, 8]], [[4, 7, 8]], [[4, 7, 8]], [[4, 7, 8]], [[5, 4, 7], [5, 4, 7]], [[5, 4, 7, 6], [5, 4, 7, 6], [5, 4, 7, 6]]]
n 8 class 0 expanded 8456 seen 21922 stopped True 560s
4 (3, 'parallel', 'J!=0', 'FAILS')
41 (3, 'parallel', 'J=0', 'congruent')
158 (3, 'simple', 'J=0', 'congruent')
1 (4, 'parallel', 'J!=0', 'FAILS')
1 (4, 'simple', 'J=0', 'congruent')
