n 8 class 0 algebras 8004 200s rejections 42 {(2,): 42}
parent Coxeter key == class base: {True: 42} distinct parents (canonicalKey): 42 distinct (parent,v) rows 42
(2, (1, 2), (3, 3, 3, 3, 3, 3, 4, 4, 4, 5), False, 8) 6
(2, (1, 2), (3, 3, 4, 4, 4, 4, 4, 4, 5), False, 8) 6
(2, (1, 2), (3, 3, 3, 4, 4, 4, 4, 5), False, 8) 4
(2, (1, 2), (3, 3, 3, 3, 3, 4, 4, 4, 4, 4, 5), False, 8) 4
(2, (1, 2), (3, 3, 3, 4, 4, 4, 4, 4, 4, 5), False, 8) 3
(2, (2, 1), (3, 3, 3, 4, 4, 4, 4, 4, 4, 5), False, 8) 3
(2, (2, 1), (3, 3, 3, 3, 3, 3, 4, 4, 4, 5), False, 8) 2
(2, (2, 1), (3, 3, 4, 4, 4, 4, 4, 4, 5), False, 8) 2
(2, (1, 2), (3, 3, 3, 4, 4, 4, 5, 5, 5), False, 8) 2
(2, (1, 3), (3, 3, 4, 4, 4, 4, 4, 4, 4), False, 8) 2
(2, (1, 2), (3, 3, 3, 4, 4, 4, 5, 6), False, 8) 2
(2, (1, 2), (3, 3, 3, 3, 4, 4, 4, 4, 4, 5, 5), False, 8) 2
(2, (1, 3), (3, 3, 3, 4, 4, 4, 4, 4, 4, 4), False, 8) 1
(2, (3, 1), (3, 3, 3, 4, 4, 4, 4, 4, 4, 4), False, 8) 1
(2, (1, 3), (3, 3, 3, 3, 3, 3, 4, 4, 4, 4), False, 8) 1
(2, (1, 4), (3, 3, 3, 4, 4, 4, 5, 5, 5), False, 8) 1
SAMPLE v= 3 arrows [(1, 3), (2, 4), (3, 6), (3, 8), (4, 5), (5, 1), (5, 7), (6, 8), (7, 3)] rels [[[1, 3, 8]], [[2, 4, 5, 7]], [[4, 5, 1]], [[4, 5, 1, 3], [4, 5, 7, 3]], [[5, 1, 3, 6], [5, 7, 3, 6]], [[5, 7, 3, 6, 8]], [[7, 3, 6, 8], [7, 3, 8]]] relsFrom [{((1, 3, 0), (3, 8, 0)): 1}, {((2, 4, 0), (4, 5, 0), (5, 7, 0)): 1}, {((4, 5, 0), (5, 1, 0)): 1}, {((4, 5, 0), (5, 1, 0), (1, 3, 0)): 1, ((4, 5, 0), (5, 7, 0), (7, 3, 0)): 1}, {((5, 1, 0), (1, 3, 0), (3, 6, 0)): 1, ((5, 7, 0), (7, 3, 0), (3, 6, 0)): 1}, {((5, 7, 0), (7, 3, 0), (3, 6, 0), (6, 8, 0)): -1}, {((7, 3, 0), (3, 8, 0)): 1, ((7, 3, 0), (3, 6, 0), (6, 8, 0)): 1}] {'tag': '', 'outdeg': 2, 'gate': True, 'kerdim': 1, 'tiltingPlus': False, 'longsq': False, 'mono': False}
SAMPLE v= 1 arrows [(1, 6), (1, 8), (2, 4), (3, 1), (4, 5), (5, 3), (5, 7), (6, 8), (7, 1)] rels [[[2, 4, 5, 7]], [[3, 1, 8]], [[4, 5, 3]], [[4, 5, 3, 1], [4, 5, 7, 1]], [[5, 3, 1, 6], [5, 7, 1, 6]], [[5, 7, 1, 6, 8]], [[7, 1, 6, 8], [7, 1, 8]]] relsFrom [{((2, 4, 0), (4, 5, 0), (5, 7, 0)): 1}, {((3, 1, 0), (1, 8, 0)): 1}, {((4, 5, 0), (5, 3, 0)): 1}, {((4, 5, 0), (5, 3, 0), (3, 1, 0)): 1, ((4, 5, 0), (5, 7, 0), (7, 1, 0)): 1}, {((5, 3, 0), (3, 1, 0), (1, 6, 0)): 1, ((5, 7, 0), (7, 1, 0), (1, 6, 0)): 1}, {((5, 7, 0), (7, 1, 0), (1, 6, 0), (6, 8, 0)): -1}, {((7, 1, 0), (1, 8, 0)): 1, ((7, 1, 0), (1, 6, 0), (6, 8, 0)): 1}] {'tag': '', 'outdeg': 2, 'gate': True, 'kerdim': 1, 'tiltingPlus': False, 'longsq': False, 'mono': False}
SAMPLE v= 8 arrows [(2, 8), (3, 1), (4, 2), (4, 6), (5, 4), (6, 8), (7, 5), (8, 1), (8, 3)] rels [[[2, 8, 1], [2, 8, 3, 1]], [[4, 2, 8, 3], [4, 6, 8, 3]], [[4, 2, 8, 3, 1]], [[5, 4, 2, 8], [5, 4, 6, 8]], [[5, 4, 6]], [[6, 8, 1]], [[7, 5, 4, 2]]] relsFrom [{((2, 8, 0), (8, 1, 0)): 1, ((2, 8, 0), (8, 3, 0), (3, 1, 0)): 1}, {((4, 2, 0), (2, 8, 0), (8, 3, 0)): 1, ((4, 6, 0), (6, 8, 0), (8, 3, 0)): 1}, {((4, 2, 0), (2, 8, 0), (8, 3, 0), (3, 1, 0)): -1}, {((5, 4, 0), (4, 2, 0), (2, 8, 0)): 1, ((5, 4, 0), (4, 6, 0), (6, 8, 0)): 1}, {((5, 4, 0), (4, 6, 0)): 1}, {((6, 8, 0), (8, 1, 0)): 1}, {((7, 5, 0), (5, 4, 0), (4, 2, 0)): 1}] {'tag': '', 'outdeg': 2, 'gate': True, 'kerdim': 1, 'tiltingPlus': False, 'longsq': False, 'mono': False}
PRESENTATION minimal 42
