n 16 |S| 8134
2224 9 PARTIAL 1 [(57, 0, 1), (130, 0, 1), (142, 0, 1), (150, 0, 1), (154, 0, 1)]
2234 9 IN_S 9 []
2244 9 IN_S 9 []
2245 8 PARTIAL 1 [(446, 0, 1), (3114, 0, 1), (16174, 0, 1), (26919, 0, 1), (77735, 0, 1)]
2246 7 PARTIAL 1 [(1416, 0, 1), (19798, 0, 1), (20300, 0, 1), (77735, 0, 1)]
2247 6 PARTIAL 1 [(524, 0, 1), (6860, 0, 1), (17764, 0, 1), (20300, 0, 1)]
2248 5 PARTIAL 1 [(1640, 0, 1), (20300, 0, 1), (26919, 0, 1)]
2249 4 PARTIAL 1 [(524, 0, 1), (19370, 0, 1), (19798, 0, 1)]
2334 9 PARTIAL 1 [(310, 0, 1), (516, 0, 1), (594, 0, 1), (1416, 0, 1), (1640, 0, 1)]
2344 9 OUT 0 [(57, 0, 1), (130, 0, 1), (142, 0, 1), (150, 0, 1), (154, 0, 1)]
2345 8 OUT 0 [(310, 0, 1), (516, 0, 1), (594, 0, 1), (1416, 0, 1), (1640, 0, 1)]
2346 7 IN_S 7 []
2347 6 OUT 0 [(3114, 0, 1), (16174, 0, 1), (26919, 0, 1), (77735, 0, 1)]
2348 5 OUT 0 [(19798, 0, 1), (20300, 0, 1), (77735, 0, 1)]
2349 4 OUT 0 [(6860, 0, 1), (17764, 0, 1), (20300, 0, 1)]
2444 9 IN_S 9 []
2445 8 IN_S 8 []
2446 7 IN_S 7 []
2447 6 IN_S 6 []
2448 5 IN_S 5 []
2449 4 IN_S 4 []
2455 8 OUT 0 [(446, 0, 1), (516, 0, 1)]
2456 7 IN_S 7 []
2457 6 OUT 0 [(3114, 0, 1)]
2458 5 OUT 0 [(77735, 0, 1)]
2459 4 OUT 0 [(16174, 0, 1), (17764, 0, 1)]
2466 7 OUT 0 [(1416, 0, 1)]
2467 6 IN_S 6 []
2468 5 OUT 0 [(77735, 0, 1)]
2469 4 OUT 0 [(19798, 0, 1)]
2477 6 OUT 0 [(524, 0, 1), (594, 0, 1)]
2478 5 IN_S 5 []
2479 4 OUT 0 [(16174, 0, 1), (17764, 0, 1)]
2488 5 OUT 0 [(1640, 0, 1)]
2489 4 IN_S 4 []
2499 4 OUT 0 [(310, 0, 1), (524, 0, 1)]
3334 9 OUT 0 [(446, 0, 1), (516, 0, 1)]
3344 9 PARTIAL 1 [(446, 0, 1), (3114, 0, 1), (16174, 0, 1), (26919, 0, 1), (77735, 0, 1)]
3345 8 OUT 0 [(355, 0, 1), (10014, 0, 1), (10242, 0, 1), (24854, 0, 1)]
3346 7 OUT 0 [(344, 0, 1), (4924, 0, 1), (5434, 0, 1), (7353, 0, 1), (12292, 0, 1), (16636, 0, 1), (54021, 0, 1)]
3347 6 OUT 0 [(331, 0, 1), (5115, 0, 1), (7098, 0, 1), (9694, 0, 1), (10242, 0, 1), (33716, 0, 1)]
3348 5 OUT 0 [(312, 0, 1), (5190, 0, 1), (5360, 0, 1), (16636, 0, 1), (33969, 0, 1)]
3349 4 OUT 0 [(286, 0, 1), (7344, 0, 1), (10014, 0, 1), (33716, 0, 1)]
3444 9 PARTIAL 1 [(446, 0, 1), (3114, 0, 1), (16174, 0, 1), (26919, 0, 1), (77735, 0, 1)]
3445 8 PARTIAL 1 [(1416, 0, 1), (19798, 0, 1), (20300, 0, 1), (77735, 0, 1)]
3446 7 PARTIAL 1 [(524, 0, 1), (6860, 0, 1), (17764, 0, 1), (20300, 0, 1)]
3447 6 PARTIAL 1 [(1640, 0, 1), (20300, 0, 1), (26919, 0, 1)]
3448 5 PARTIAL 1 [(524, 0, 1), (19370, 0, 1), (19798, 0, 1)]
3449 4 PARTIAL 1 [(1640, 0, 1), (77735, 0, 1)]
3455 8 OUT 0 [(355, 0, 1), (10014, 0, 1), (10242, 0, 1), (24854, 0, 1)]
3456 7 OUT 0 [(344, 0, 1), (4924, 0, 1), (5434, 0, 1), (7353, 0, 1), (12292, 0, 1), (16636, 0, 1), (54021, 0, 1)]
3457 6 OUT 0 [(331, 0, 1), (5115, 0, 1), (7098, 0, 1), (9694, 0, 1), (10242, 0, 1), (33716, 0, 1)]
3458 5 OUT 0 [(312, 0, 1), (5190, 0, 1), (5360, 0, 1), (16636, 0, 1), (33969, 0, 1)]
3459 4 OUT 0 [(286, 0, 1), (7344, 0, 1), (10014, 0, 1), (33716, 0, 1)]
3466 7 OUT 0 [(344, 0, 1), (4924, 0, 1), (5434, 0, 1), (7353, 0, 1), (12292, 0, 1), (16636, 0, 1), (54021, 0, 1)]
