n 13 |S| 2386
2224 6 PARTIAL 1 [(0, 0, 0)]
2234 6 IN_S 6 []
2244 6 IN_S 6 []
2245 5 PARTIAL 1 [(0, 0, 0)]
2246 4 PARTIAL 1 [(0, 0, 0)]
2334 6 PARTIAL 1 [(0, 0, 0)]
2344 6 OUT 0 [(0, 0, 0)]
2345 5 OUT 0 [(0, 0, 0)]
2346 4 IN_S 4 []
2444 6 IN_S 6 []
2445 5 IN_S 5 []
2446 4 IN_S 4 []
2455 5 OUT 0 [(0, 0, 0)]
2456 4 IN_S 4 []
2466 4 OUT 0 [(0, 0, 0)]
3334 6 OUT 0 [(0, 0, 0)]
3344 6 PARTIAL 1 [(0, 0, 0)]
3345 5 OUT 0 [(0, 0, 0)]
3346 4 OUT 0 [(0, 0, 0)]
3444 6 PARTIAL 1 [(0, 0, 0)]
3445 5 PARTIAL 1 [(0, 0, 0)]
3446 4 PARTIAL 1 [(0, 0, 0)]
3455 5 OUT 0 [(0, 0, 0)]
3456 4 OUT 0 [(0, 0, 0)]
3466 4 OUT 0 [(0, 0, 0)]
4444 6 OUT 0 [(0, 0, 0)]
4445 5 IN_S 5 []
4446 4 OUT 0 [(0, 0, 0)]
4455 5 OUT 0 [(0, 0, 0)]
4456 4 IN_S 4 []
4466 4 OUT 0 [(0, 0, 0)]
4555 5 OUT 0 [(0, 0, 0)]
4556 4 PARTIAL 1 [(0, 0, 0)]
4566 4 IN_S 4 []
4666 4 OUT 0 [(0, 0, 0)]
done
