n 16 |S| 8134
2224 9 PARTIAL 1 [(0, 0, 0)]
2234 9 IN_S 9 []
2244 9 IN_S 9 []
2245 8 PARTIAL 1 [(0, 0, 0)]
2246 7 PARTIAL 1 [(0, 0, 0)]
2247 6 PARTIAL 1 [(0, 0, 0)]
2248 5 PARTIAL 1 [(0, 0, 0)]
2249 4 PARTIAL 1 [(0, 0, 0)]
2334 9 PARTIAL 1 [(0, 0, 0)]
2344 9 OUT 0 [(0, 0, 0)]
2345 8 OUT 0 [(0, 0, 0)]
2346 7 IN_S 7 []
2347 6 OUT 0 [(0, 0, 0)]
2348 5 OUT 0 [(0, 0, 0)]
2349 4 OUT 0 [(0, 0, 0)]
2444 9 IN_S 9 []
2445 8 IN_S 8 []
2446 7 IN_S 7 []
2447 6 IN_S 6 []
2448 5 IN_S 5 []
2449 4 IN_S 4 []
2455 8 OUT 0 [(0, 0, 0)]
2456 7 IN_S 7 []
2457 6 OUT 0 [(0, 0, 0)]
2458 5 OUT 0 [(0, 0, 0)]
2459 4 OUT 0 [(0, 0, 0)]
2466 7 OUT 0 [(0, 0, 0)]
2467 6 IN_S 6 []
2468 5 OUT 0 [(0, 0, 0)]
2469 4 OUT 0 [(0, 0, 0)]
2477 6 OUT 0 [(0, 0, 0)]
2478 5 IN_S 5 []
2479 4 OUT 0 [(0, 0, 0)]
2488 5 OUT 0 [(0, 0, 0)]
2489 4 IN_S 4 []
2499 4 OUT 0 [(0, 0, 0)]
3334 9 OUT 0 [(0, 0, 0)]
3344 9 PARTIAL 1 [(0, 0, 0)]
3345 8 OUT 0 [(0, 0, 0)]
3346 7 OUT 0 [(0, 0, 0)]
3347 6 OUT 0 [(0, 0, 0)]
3348 5 OUT 0 [(0, 0, 0)]
3349 4 OUT 0 [(0, 0, 0)]
3444 9 PARTIAL 1 [(0, 0, 0)]
3445 8 PARTIAL 1 [(0, 0, 0)]
3446 7 PARTIAL 1 [(0, 0, 0)]
3447 6 PARTIAL 1 [(0, 0, 0)]
3448 5 PARTIAL 1 [(0, 0, 0)]
3449 4 PARTIAL 1 [(0, 0, 0)]
3455 8 OUT 0 [(0, 0, 0)]
3456 7 OUT 0 [(0, 0, 0)]
3457 6 OUT 0 [(0, 0, 0)]
3458 5 OUT 0 [(0, 0, 0)]
3459 4 OUT 0 [(0, 0, 0)]
3466 7 OUT 0 [(0, 0, 0)]
3467 6 OUT 0 [(0, 0, 0)]
3468 5 OUT 0 [(0, 0, 0)]
3469 4 OUT 0 [(0, 0, 0)]
3477 6 OUT 0 [(0, 0, 0)]
3478 5 OUT 0 [(0, 0, 0)]
3479 4 OUT 0 [(0, 0, 0)]
3488 5 OUT 0 [(0, 0, 0)]
3489 4 OUT 0 [(0, 0, 0)]
3499 4 OUT 0 [(0, 0, 0)]
4444 9 OUT 0 [(0, 0, 0)]
4445 8 IN_S 8 []
4446 7 OUT 0 [(0, 0, 0)]
4447 6 OUT 0 [(0, 0, 0)]
4448 5 OUT 0 [(0, 0, 0)]
4449 4 OUT 0 [(0, 0, 0)]
4455 8 OUT 0 [(0, 0, 0)]
4456 7 IN_S 7 []
4457 6 OUT 0 [(0, 0, 0)]
4458 5 OUT 0 [(0, 0, 0)]
4459 4 OUT 0 [(0, 0, 0)]
4466 7 OUT 0 [(0, 0, 0)]
4467 6 IN_S 6 []
4468 5 OUT 0 [(0, 0, 0)]
4469 4 OUT 0 [(0, 0, 0)]
4477 6 OUT 0 [(0, 0, 0)]
4478 5 IN_S 5 []
4479 4 OUT 0 [(0, 0, 0)]
4488 5 OUT 0 [(0, 0, 0)]
4489 4 IN_S 4 []
4499 4 OUT 0 [(0, 0, 0)]
4555 8 OUT 0 [(0, 0, 0)]
4556 7 PARTIAL 1 [(0, 0, 0)]
4557 6 OUT 0 [(0, 0, 0)]
4558 5 OUT 0 [(0, 0, 0)]
4559 4 OUT 0 [(0, 0, 0)]
4566 7 IN_S 7 []
4567 6 OUT 0 [(0, 0, 0)]
4568 5 OUT 0 [(0, 0, 0)]
4569 4 OUT 0 [(0, 0, 0)]
4577 6 OUT 0 [(0, 0, 0)]
4578 5 OUT 0 [(0, 0, 0)]
4579 4 OUT 0 [(0, 0, 0)]
4588 5 OUT 0 [(0, 0, 0)]
4589 4 OUT 0 [(0, 0, 0)]
4599 4 OUT 0 [(0, 0, 0)]
4666 7 OUT 0 [(0, 0, 0)]
4667 6 PARTIAL 1 [(0, 0, 0)]
4668 5 OUT 0 [(0, 0, 0)]
4669 4 OUT 0 [(0, 0, 0)]
4677 6 OUT 0 [(0, 0, 0)]
4678 5 OUT 0 [(0, 0, 0)]
4679 4 OUT 0 [(0, 0, 0)]
4688 5 OUT 0 [(0, 0, 0)]
4689 4 OUT 0 [(0, 0, 0)]
4699 4 OUT 0 [(0, 0, 0)]
4777 6 OUT 0 [(0, 0, 0)]
4778 5 PARTIAL 1 [(0, 0, 0)]
4779 4 OUT 0 [(0, 0, 0)]
4788 5 OUT 0 [(0, 0, 0)]
4789 4 OUT 0 [(0, 0, 0)]
4799 4 OUT 0 [(0, 0, 0)]
4888 5 OUT 0 [(0, 0, 0)]
4889 4 PARTIAL 1 [(0, 0, 0)]
4899 4 OUT 0 [(0, 0, 0)]
4999 4 OUT 0 [(0, 0, 0)]
done
