n 15 |S| 5648
2224 8 PARTIAL 1 [(0, 0, 0)]
2234 8 IN_S 8 []
2244 8 IN_S 8 []
2245 7 PARTIAL 1 [(0, 0, 0)]
2246 6 PARTIAL 1 [(0, 0, 0)]
2247 5 PARTIAL 1 [(0, 0, 0)]
2248 4 PARTIAL 1 [(0, 0, 0)]
2334 8 PARTIAL 1 [(0, 0, 0)]
2344 8 OUT 0 [(0, 0, 0)]
2345 7 OUT 0 [(0, 0, 0)]
2346 6 IN_S 6 []
2347 5 OUT 0 [(0, 0, 0)]
2348 4 OUT 0 [(0, 0, 0)]
2444 8 IN_S 8 []
2445 7 IN_S 7 []
2446 6 IN_S 6 []
2447 5 IN_S 5 []
2448 4 IN_S 4 []
2455 7 OUT 0 [(0, 0, 0)]
2456 6 IN_S 6 []
2457 5 OUT 0 [(0, 0, 0)]
2458 4 OUT 0 [(0, 0, 0)]
2466 6 OUT 0 [(0, 0, 0)]
2467 5 IN_S 5 []
2468 4 OUT 0 [(0, 0, 0)]
2477 5 OUT 0 [(0, 0, 0)]
2478 4 IN_S 4 []
2488 4 OUT 0 [(0, 0, 0)]
3334 8 OUT 0 [(0, 0, 0)]
3344 8 PARTIAL 1 [(0, 0, 0)]
3345 7 OUT 0 [(0, 0, 0)]
3346 6 OUT 0 [(0, 0, 0)]
3347 5 OUT 0 [(0, 0, 0)]
3348 4 OUT 0 [(0, 0, 0)]
3444 8 PARTIAL 1 [(0, 0, 0)]
3445 7 PARTIAL 1 [(0, 0, 0)]
3446 6 PARTIAL 1 [(0, 0, 0)]
3447 5 PARTIAL 1 [(0, 0, 0)]
3448 4 PARTIAL 1 [(0, 0, 0)]
3455 7 OUT 0 [(0, 0, 0)]
3456 6 OUT 0 [(0, 0, 0)]
3457 5 OUT 0 [(0, 0, 0)]
3458 4 OUT 0 [(0, 0, 0)]
3466 6 OUT 0 [(0, 0, 0)]
3467 5 OUT 0 [(0, 0, 0)]
3468 4 OUT 0 [(0, 0, 0)]
3477 5 OUT 0 [(0, 0, 0)]
3478 4 OUT 0 [(0, 0, 0)]
3488 4 OUT 0 [(0, 0, 0)]
4444 8 OUT 0 [(0, 0, 0)]
4445 7 IN_S 7 []
4446 6 OUT 0 [(0, 0, 0)]
4447 5 OUT 0 [(0, 0, 0)]
4448 4 OUT 0 [(0, 0, 0)]
4455 7 OUT 0 [(0, 0, 0)]
4456 6 IN_S 6 []
4457 5 OUT 0 [(0, 0, 0)]
4458 4 OUT 0 [(0, 0, 0)]
4466 6 OUT 0 [(0, 0, 0)]
4467 5 IN_S 5 []
4468 4 OUT 0 [(0, 0, 0)]
4477 5 OUT 0 [(0, 0, 0)]
4478 4 IN_S 4 []
4488 4 OUT 0 [(0, 0, 0)]
4555 7 OUT 0 [(0, 0, 0)]
4556 6 PARTIAL 1 [(0, 0, 0)]
4557 5 OUT 0 [(0, 0, 0)]
4558 4 OUT 0 [(0, 0, 0)]
4566 6 IN_S 6 []
4567 5 OUT 0 [(0, 0, 0)]
4568 4 OUT 0 [(0, 0, 0)]
4577 5 OUT 0 [(0, 0, 0)]
4578 4 OUT 0 [(0, 0, 0)]
4588 4 OUT 0 [(0, 0, 0)]
4666 6 OUT 0 [(0, 0, 0)]
4667 5 PARTIAL 1 [(0, 0, 0)]
4668 4 OUT 0 [(0, 0, 0)]
4677 5 OUT 0 [(0, 0, 0)]
4678 4 OUT 0 [(0, 0, 0)]
4688 4 OUT 0 [(0, 0, 0)]
4777 5 OUT 0 [(0, 0, 0)]
4778 4 PARTIAL 1 [(0, 0, 0)]
4788 4 OUT 0 [(0, 0, 0)]
4888 4 OUT 0 [(0, 0, 0)]
done
