n 17 |S| 11340
2224 10 PARTIAL 1 [(0, 0, 0)]
2234 10 IN_S 10 []
2244 10 IN_S 10 []
2245 9 PARTIAL 1 [(0, 0, 0)]
2246 8 PARTIAL 1 [(0, 0, 0)]
2247 7 PARTIAL 1 [(0, 0, 0)]
2248 6 PARTIAL 1 [(0, 0, 0)]
2249 5 PARTIAL 1 [(0, 0, 0)]
2334 10 PARTIAL 1 [(0, 0, 0)]
2344 10 OUT 0 [(0, 0, 0)]
2345 9 OUT 0 [(0, 0, 0)]
2346 8 IN_S 8 []
2347 7 OUT 0 [(0, 0, 0)]
2348 6 OUT 0 [(0, 0, 0)]
2349 5 OUT 0 [(0, 0, 0)]
2444 10 IN_S 10 []
2445 9 IN_S 9 []
2446 8 IN_S 8 []
2447 7 IN_S 7 []
2448 6 IN_S 6 []
2449 5 IN_S 5 []
2455 9 OUT 0 [(0, 0, 0)]
2456 8 IN_S 8 []
2457 7 OUT 0 [(0, 0, 0)]
2458 6 OUT 0 [(0, 0, 0)]
2459 5 OUT 0 [(0, 0, 0)]
2466 8 OUT 0 [(0, 0, 0)]
2467 7 IN_S 7 []
2468 6 OUT 0 [(0, 0, 0)]
2469 5 OUT 0 [(0, 0, 0)]
2477 7 OUT 0 [(0, 0, 0)]
2478 6 IN_S 6 []
2479 5 OUT 0 [(0, 0, 0)]
2488 6 OUT 0 [(0, 0, 0)]
2489 5 IN_S 5 []
2499 5 OUT 0 [(0, 0, 0)]
3334 10 OUT 0 [(0, 0, 0)]
3344 10 PARTIAL 1 [(0, 0, 0)]
3345 9 OUT 0 [(0, 0, 0)]
3346 8 OUT 0 [(0, 0, 0)]
3347 7 OUT 0 [(0, 0, 0)]
3348 6 OUT 0 [(0, 0, 0)]
3349 5 OUT 0 [(0, 0, 0)]
3444 10 PARTIAL 1 [(0, 0, 0)]
3445 9 PARTIAL 1 [(0, 0, 0)]
3446 8 PARTIAL 1 [(0, 0, 0)]
3447 7 PARTIAL 1 [(0, 0, 0)]
3448 6 PARTIAL 1 [(0, 0, 0)]
3449 5 PARTIAL 1 [(0, 0, 0)]
3455 9 OUT 0 [(0, 0, 0)]
3456 8 OUT 0 [(0, 0, 0)]
3457 7 OUT 0 [(0, 0, 0)]
3458 6 OUT 0 [(0, 0, 0)]
3459 5 OUT 0 [(0, 0, 0)]
3466 8 OUT 0 [(0, 0, 0)]
3467 7 OUT 0 [(0, 0, 0)]
3468 6 OUT 0 [(0, 0, 0)]
3469 5 OUT 0 [(0, 0, 0)]
3477 7 OUT 0 [(0, 0, 0)]
3478 6 OUT 0 [(0, 0, 0)]
3479 5 OUT 0 [(0, 0, 0)]
3488 6 OUT 0 [(0, 0, 0)]
3489 5 OUT 0 [(0, 0, 0)]
3499 5 OUT 0 [(0, 0, 0)]
4444 10 OUT 0 [(0, 0, 0)]
4445 9 IN_S 9 []
4446 8 OUT 0 [(0, 0, 0)]
4447 7 OUT 0 [(0, 0, 0)]
4448 6 OUT 0 [(0, 0, 0)]
4449 5 OUT 0 [(0, 0, 0)]
4455 9 OUT 0 [(0, 0, 0)]
4456 8 IN_S 8 []
4457 7 OUT 0 [(0, 0, 0)]
4458 6 OUT 0 [(0, 0, 0)]
4459 5 OUT 0 [(0, 0, 0)]
4466 8 OUT 0 [(0, 0, 0)]
4467 7 IN_S 7 []
4468 6 OUT 0 [(0, 0, 0)]
4469 5 OUT 0 [(0, 0, 0)]
4477 7 OUT 0 [(0, 0, 0)]
4478 6 IN_S 6 []
4479 5 OUT 0 [(0, 0, 0)]
4488 6 OUT 0 [(0, 0, 0)]
4489 5 IN_S 5 []
4499 5 OUT 0 [(0, 0, 0)]
4555 9 OUT 0 [(0, 0, 0)]
4556 8 PARTIAL 1 [(0, 0, 0)]
4557 7 OUT 0 [(0, 0, 0)]
4558 6 OUT 0 [(0, 0, 0)]
4559 5 OUT 0 [(0, 0, 0)]
4566 8 IN_S 8 []
4567 7 OUT 0 [(0, 0, 0)]
4568 6 OUT 0 [(0, 0, 0)]
4569 5 OUT 0 [(0, 0, 0)]
4577 7 OUT 0 [(0, 0, 0)]
4578 6 OUT 0 [(0, 0, 0)]
4579 5 OUT 0 [(0, 0, 0)]
4588 6 OUT 0 [(0, 0, 0)]
4589 5 OUT 0 [(0, 0, 0)]
4599 5 OUT 0 [(0, 0, 0)]
4666 8 OUT 0 [(0, 0, 0)]
4667 7 PARTIAL 1 [(0, 0, 0)]
4668 6 OUT 0 [(0, 0, 0)]
4669 5 OUT 0 [(0, 0, 0)]
4677 7 OUT 0 [(0, 0, 0)]
4678 6 OUT 0 [(0, 0, 0)]
4679 5 OUT 0 [(0, 0, 0)]
4688 6 OUT 0 [(0, 0, 0)]
4689 5 OUT 0 [(0, 0, 0)]
4699 5 OUT 0 [(0, 0, 0)]
4777 7 OUT 0 [(0, 0, 0)]
4778 6 PARTIAL 1 [(0, 0, 0)]
4779 5 OUT 0 [(0, 0, 0)]
4788 6 OUT 0 [(0, 0, 0)]
4789 5 OUT 0 [(0, 0, 0)]
4799 5 OUT 0 [(0, 0, 0)]
4888 6 OUT 0 [(0, 0, 0)]
4889 5 PARTIAL 1 [(0, 0, 0)]
4899 5 OUT 0 [(0, 0, 0)]
4999 5 OUT 0 [(0, 0, 0)]
done
