n 14 |S| 3767
2224 7 PARTIAL 1 [(0, 0, 0)]
2234 7 IN_S 7 []
2244 7 IN_S 7 []
2245 6 PARTIAL 1 [(0, 0, 0)]
2246 5 PARTIAL 1 [(0, 0, 0)]
2247 4 PARTIAL 1 [(0, 0, 0)]
2334 7 PARTIAL 1 [(0, 0, 0)]
2344 7 OUT 0 [(0, 0, 0)]
2345 6 OUT 0 [(0, 0, 0)]
2346 5 IN_S 5 []
2347 4 OUT 0 [(0, 0, 0)]
2444 7 IN_S 7 []
2445 6 IN_S 6 []
2446 5 IN_S 5 []
2447 4 IN_S 4 []
2455 6 OUT 0 [(0, 0, 0)]
2456 5 IN_S 5 []
2457 4 OUT 0 [(0, 0, 0)]
2466 5 OUT 0 [(0, 0, 0)]
2467 4 IN_S 4 []
2477 4 OUT 0 [(0, 0, 0)]
3334 7 OUT 0 [(0, 0, 0)]
3344 7 PARTIAL 1 [(0, 0, 0)]
3345 6 OUT 0 [(0, 0, 0)]
3346 5 OUT 0 [(0, 0, 0)]
3347 4 OUT 0 [(0, 0, 0)]
3444 7 PARTIAL 1 [(0, 0, 0)]
3445 6 PARTIAL 1 [(0, 0, 0)]
3446 5 PARTIAL 1 [(0, 0, 0)]
3447 4 PARTIAL 1 [(0, 0, 0)]
3455 6 OUT 0 [(0, 0, 0)]
3456 5 OUT 0 [(0, 0, 0)]
3457 4 OUT 0 [(0, 0, 0)]
3466 5 OUT 0 [(0, 0, 0)]
3467 4 OUT 0 [(0, 0, 0)]
3477 4 OUT 0 [(0, 0, 0)]
4444 7 OUT 0 [(0, 0, 0)]
4445 6 IN_S 6 []
4446 5 OUT 0 [(0, 0, 0)]
4447 4 OUT 0 [(0, 0, 0)]
4455 6 OUT 0 [(0, 0, 0)]
4456 5 IN_S 5 []
4457 4 OUT 0 [(0, 0, 0)]
4466 5 OUT 0 [(0, 0, 0)]
4467 4 IN_S 4 []
4477 4 OUT 0 [(0, 0, 0)]
4555 6 OUT 0 [(0, 0, 0)]
4556 5 PARTIAL 1 [(0, 0, 0)]
4557 4 OUT 0 [(0, 0, 0)]
4566 5 IN_S 5 []
4567 4 OUT 0 [(0, 0, 0)]
4577 4 OUT 0 [(0, 0, 0)]
4666 5 OUT 0 [(0, 0, 0)]
4667 4 PARTIAL 1 [(0, 0, 0)]
4677 4 OUT 0 [(0, 0, 0)]
4777 4 OUT 0 [(0, 0, 0)]
done
