n 12 |S| 1410
2224 5 PARTIAL 1 [(0, 0, 0)]
2234 5 IN_S 5 []
2244 5 IN_S 5 []
2245 4 PARTIAL 1 [(0, 0, 0)]
2334 5 PARTIAL 1 [(0, 0, 0)]
2344 5 OUT 0 [(0, 0, 0)]
2345 4 OUT 0 [(0, 0, 0)]
2444 5 IN_S 5 []
2445 4 IN_S 4 []
2455 4 OUT 0 [(0, 0, 0)]
3334 5 OUT 0 [(0, 0, 0)]
3344 5 PARTIAL 1 [(0, 0, 0)]
3345 4 OUT 0 [(0, 0, 0)]
3444 5 PARTIAL 1 [(0, 0, 0)]
3445 4 PARTIAL 1 [(0, 0, 0)]
3455 4 OUT 0 [(0, 0, 0)]
4444 5 OUT 0 [(0, 0, 0)]
4445 4 IN_S 4 []
4455 4 OUT 0 [(0, 0, 0)]
4555 4 OUT 0 [(0, 0, 0)]
done
