n 14 |S| 3767
2224 7 PARTIAL 1 [(47, 0, 1), (106, 0, 1), (114, 0, 1), (118, 0, 1)]
2234 7 IN_S 7 []
2244 7 IN_S 7 []
2245 6 PARTIAL 1 [(272, 0, 1), (1636, 0, 1), (2179, 0, 1), (11820, 0, 1)]
2246 5 PARTIAL 1 [(886, 0, 1), (7758, 0, 1), (11820, 0, 1)]
2247 4 PARTIAL 1 [(312, 0, 1), (4534, 0, 1), (7758, 0, 1)]
2334 7 PARTIAL 1 [(320, 0, 1), (364, 0, 1), (491, 0, 1), (886, 0, 1)]
2344 7 OUT 0 [(47, 0, 1), (106, 0, 1), (114, 0, 1), (118, 0, 1)]
2345 6 OUT 0 [(320, 0, 1), (364, 0, 1), (491, 0, 1), (886, 0, 1)]
2346 5 IN_S 5 []
2347 4 OUT 0 [(1636, 0, 1), (2179, 0, 1), (11820, 0, 1)]
2444 7 IN_S 7 []
2445 6 IN_S 6 []
2446 5 IN_S 5 []
2447 4 IN_S 4 []
2455 6 OUT 0 [(272, 0, 1), (320, 0, 1)]
2456 5 IN_S 5 []
2457 4 OUT 0 [(1636, 0, 1)]
2466 5 OUT 0 [(886, 0, 1)]
2467 4 IN_S 4 []
2477 4 OUT 0 [(312, 0, 1), (364, 0, 1)]
3334 7 OUT 0 [(272, 0, 1), (320, 0, 1)]
3344 7 PARTIAL 1 [(272, 0, 1), (1636, 0, 1), (2179, 0, 1), (11820, 0, 1)]
3345 6 OUT 0 [(213, 0, 1), (3586, 0, 1), (3988, 0, 1)]
3346 5 OUT 0 [(202, 0, 1), (1908, 0, 1), (2110, 0, 1), (2876, 0, 1), (9382, 0, 1)]
3347 4 OUT 0 [(189, 0, 1), (2760, 0, 1), (2910, 0, 1), (3586, 0, 1)]
3444 7 PARTIAL 1 [(272, 0, 1), (1636, 0, 1), (2179, 0, 1), (11820, 0, 1)]
3445 6 PARTIAL 1 [(886, 0, 1), (7758, 0, 1), (11820, 0, 1)]
3446 5 PARTIAL 1 [(312, 0, 1), (4534, 0, 1), (7758, 0, 1)]
3447 4 PARTIAL 1 [(491, 0, 1), (11820, 0, 1)]
3455 6 OUT 0 [(213, 0, 1), (3586, 0, 1), (3988, 0, 1)]
3456 5 OUT 0 [(202, 0, 1), (1908, 0, 1), (2110, 0, 1), (2876, 0, 1), (9382, 0, 1)]
3457 4 OUT 0 [(189, 0, 1), (2760, 0, 1), (2910, 0, 1), (3586, 0, 1)]
3466 5 OUT 0 [(202, 0, 1), (1908, 0, 1), (2110, 0, 1), (2876, 0, 1), (9382, 0, 1)]
3467 4 OUT 0 [(6534, 0, 1), (9382, 0, 1)]
3477 4 OUT 0 [(189, 0, 1), (2760, 0, 1), (2910, 0, 1), (3586, 0, 1)]
4444 7 OUT 0 [(320, 0, 1), (364, 0, 1), (491, 0, 1), (886, 0, 1)]
4445 6 IN_S 6 []
4446 5 OUT 0 [(1636, 0, 1), (2179, 0, 1), (11820, 0, 1)]
4447 4 OUT 0 [(7758, 0, 1), (11820, 0, 1)]
4455 6 OUT 0 [(320, 0, 1), (364, 0, 1), (491, 0, 1), (886, 0, 1)]
4456 5 IN_S 5 []
4457 4 OUT 0 [(1636, 0, 1), (2179, 0, 1), (11820, 0, 1)]
4466 5 OUT 0 [(320, 0, 1), (364, 0, 1), (491, 0, 1), (886, 0, 1)]
4467 4 IN_S 4 []
4477 4 OUT 0 [(320, 0, 1), (364, 0, 1), (491, 0, 1), (886, 0, 1)]
4555 6 OUT 0 [(320, 0, 1), (364, 0, 1), (491, 0, 1), (886, 0, 1)]
4556 5 PARTIAL 1 [(1636, 0, 1), (2179, 0, 1), (11820, 0, 1)]
4557 4 OUT 0 [(790, 0, 1), (2471, 0, 1), (11820, 0, 1)]
4566 5 IN_S 5 []
4567 4 OUT 0 [(1636, 0, 1), (2179, 0, 1), (11820, 0, 1)]
4577 4 OUT 0 [(1636, 0, 1), (2179, 0, 1), (11820, 0, 1)]
4666 5 OUT 0 [(320, 0, 1), (364, 0, 1), (491, 0, 1), (886, 0, 1)]
4667 4 PARTIAL 1 [(7758, 0, 1), (11820, 0, 1)]
4677 4 OUT 0 [(1636, 0, 1), (2179, 0, 1), (11820, 0, 1)]
4777 4 OUT 0 [(320, 0, 1), (364, 0, 1), (491, 0, 1), (886, 0, 1)]
done
