depth 1 expanded 12 next 52 nonmono parents 0 0s
depth 2 expanded 64 next 140 nonmono parents 20 3s
depth 3 expanded 204 next 328 nonmono parents 84 9s
depth 4 expanded 532 next 726 nonmono parents 244 23s
depth 5 expanded 1258 next 1692 nonmono parents 680 59s
depth 6 expanded 2950 next 4147 nonmono parents 1814 149s
depth 7 expanded 7097 next 10148 nonmono parents 4863 395s
n 9 class 2 key (1, 1, -2, -4, -4, -4, -4, -2, 1, 1) starts 12 distinct algebras 17241 closed False
('guard', 'tilt') 31479
('noguard', 'NOTtilt') 12
REJECTIONS (gate-admitted, tiltingPlus False): 12
(6, [[[1, 3, 5]], [[2, 4, 9]], [[3, 5, 6, 8]], [[5, 6, 2]], [[5, 6, 2, 4], [5, 6, 8, 4]], [[6, 2, 4, 7], [6, 8, 4, 7]], [[6, 8, 4, 7, 9]], [[8, 4, 7, 9], [8, 4, 9]]], 4, False, (0, 2, 2, 4, 2, 7, 4))
(6, [[[1, 3, 5]], [[3, 5, 6, 8]], [[4, 2, 9]], [[5, 6, 4]], [[5, 6, 4, 2], [5, 6, 8, 2]], [[6, 4, 2, 7], [6, 8, 2, 7]], [[6, 8, 2, 7, 9]], [[8, 2, 7, 9], [8, 2, 9]]], 2, False, (0, 2, 2, 4, 4, 7, 2))
(6, [[[3, 9, 2], [3, 9, 4, 2]], [[5, 3, 9, 4], [5, 7, 9, 4]], [[5, 3, 9, 4, 2]], [[6, 5, 3, 9], [6, 5, 7, 9]], [[6, 5, 7]], [[7, 9, 2]], [[8, 6, 5, 3]], [[9, 2, 1], [9, 4, 2, 1]]], 9, False, (1, 9, 7, 9, 7, 4, 9))
(6, [[[3, 7, 2], [3, 7, 4, 2]], [[5, 3, 7, 4], [5, 9, 7, 4]], [[5, 3, 7, 4, 2]], [[6, 5, 3, 7], [6, 5, 9, 7]], [[6, 5, 9]], [[7, 2, 1], [7, 4, 2, 1]], [[8, 6, 5, 3]], [[9, 7, 2]]], 7, False, (1, 9, 7, 9, 9, 4, 7))
(6, [[[1, 3, 8]], [[2, 4, 5, 7]], [[3, 6, 8, 9], [3, 8, 9]], [[4, 5, 1]], [[4, 5, 1, 3], [4, 5, 7, 3]], [[5, 1, 3, 6], [5, 7, 3, 6]], [[5, 7, 3, 6, 8]], [[7, 3, 6, 8], [7, 3, 8]]], 3, False, (6, 1, 1, 3, 1, 6, 3))
GATE+TILT BUT KEY MOVES: 0
