n 14 |S| 3767
3 222 10 OUT 0 [(1, 0)]
3 233 9 OUT 0 [(12, 0)]
3 234 8 IN_S 8 []
3 236 6 OUT 0 [(886, 0)]
3 238 4 OUT 0 [(491, 0)]
3 244 8 IN_S 8 []
3 255 7 OUT 0 [(272, 0)]
3 266 6 OUT 0 [(886, 0)]
3 277 5 OUT 0 [(312, 0)]
3 288 4 OUT 0 [(491, 0)]
3 346 6 IN_S 6 []
3 444 8 IN_S 8 []
3 445 7 IN_S 7 []
3 446 6 IN_S 6 []
3 447 5 IN_S 5 []
3 448 4 IN_S 4 []
3 456 6 IN_S 6 []
3 457 5 OUT 0 [(1636, 0)]
3 458 4 OUT 0 [(11820, 0)]
3 466 6 OUT 0 [(886, 0)]
3 467 5 IN_S 5 []
3 468 4 OUT 0 [(11820, 0)]
3 478 4 IN_S 4 []
3 488 4 OUT 0 [(491, 0)]
3 568 4 OUT 0 [(11820, 0)]
4 2234 7 IN_S 7 []
4 2244 7 IN_S 7 []
4 2346 5 IN_S 5 []
4 2444 7 IN_S 7 []
4 2445 6 IN_S 6 []
4 2446 5 IN_S 5 []
4 2447 4 IN_S 4 []
4 2456 5 IN_S 5 []
4 2457 4 OUT 0 [(1636, 0)]
4 2466 5 OUT 0 [(886, 0)]
4 2467 4 IN_S 4 []
4 4445 6 IN_S 6 []
4 4456 5 IN_S 5 []
4 4467 4 IN_S 4 []
4 4566 5 IN_S 5 []
done
