n 13 |S| 2386
3 222 9 OUT 0 [(1, 0)]
3 233 8 OUT 0 [(11, 0)]
3 234 7 IN_S 7 []
3 235 6 OUT 0 [(447, 0)]
3 237 4 OUT 0 [(501, 0)]
3 244 7 IN_S 7 []
3 255 6 OUT 0 [(447, 0)]
3 266 5 OUT 0 [(224, 0)]
3 277 4 OUT 0 [(501, 0)]
3 346 5 IN_S 5 []
3 444 7 IN_S 7 []
3 445 6 IN_S 6 []
3 446 5 IN_S 5 []
3 447 4 IN_S 4 []
3 455 6 OUT 0 [(447, 0)]
3 456 5 IN_S 5 []
3 457 4 OUT 0 [(1127, 0)]
3 467 4 IN_S 4 []
3 477 4 OUT 0 [(501, 0)]
4 2234 6 IN_S 6 []
4 2244 6 IN_S 6 []
4 2346 4 IN_S 4 []
4 2444 6 IN_S 6 []
4 2445 5 IN_S 5 []
4 2446 4 IN_S 4 []
4 2455 5 OUT 0 [(447, 0)]
4 2456 4 IN_S 4 []
4 3334 6 OUT 0 [(447, 0)]
4 4445 5 IN_S 5 []
4 4456 4 IN_S 4 []
4 4566 4 IN_S 4 []
done
