n 15 |S| 5648
3 222 11 OUT 0 [(1, 0)]
3 233 10 OUT 0 [(13, 0)]
3 234 9 IN_S 9 []
3 235 8 OUT 0 [(763, 0)]
3 237 6 OUT 0 [(881, 0)]
3 239 4 OUT 0 [(877, 0)]
3 244 9 IN_S 9 []
3 255 8 OUT 0 [(763, 0)]
3 266 7 OUT 0 [(390, 0)]
3 277 6 OUT 0 [(881, 0)]
3 288 5 OUT 0 [(412, 0)]
3 299 4 OUT 0 [(877, 0)]
3 346 7 IN_S 7 []
3 444 9 IN_S 9 []
3 445 8 IN_S 8 []
3 446 7 IN_S 7 []
3 447 6 IN_S 6 []
3 448 5 IN_S 5 []
3 449 4 IN_S 4 []
3 455 8 OUT 0 [(763, 0)]
3 456 7 IN_S 7 []
3 457 6 OUT 0 [(2290, 0)]
3 459 4 OUT 0 [(18416, 0)]
3 467 6 IN_S 6 []
3 477 6 OUT 0 [(881, 0)]
3 478 5 IN_S 5 []
3 479 4 OUT 0 [(18416, 0)]
3 489 4 IN_S 4 []
3 499 4 OUT 0 [(877, 0)]
3 568 5 OUT 0 [(8794, 0)]
3 679 4 OUT 0 [(18416, 0)]
4 2234 8 IN_S 8 []
4 2244 8 IN_S 8 []
4 2346 6 IN_S 6 []
4 2444 8 IN_S 8 []
4 2445 7 IN_S 7 []
4 2446 6 IN_S 6 []
4 2447 5 IN_S 5 []
4 2448 4 IN_S 4 []
4 2455 7 OUT 0 [(763, 0)]
4 2456 6 IN_S 6 []
4 2457 5 OUT 0 [(2290, 0)]
4 2467 5 IN_S 5 []
4 2477 5 OUT 0 [(881, 0)]
4 2478 4 IN_S 4 []
4 3334 8 OUT 0 [(763, 0)]
4 4445 7 IN_S 7 []
4 4456 6 IN_S 6 []
4 4467 5 IN_S 5 []
4 4478 4 IN_S 4 []
4 4566 6 IN_S 6 []
done
