parent vertices [1, 2, 3, 4, 5, 6, 7, 8] arrows [(1, 2), (1, 5), (2, 7), (3, 1), (4, 5), (5, 6), (5, 7), (6, 7), (7, 8)]
  rels [[[1, 2, 7], [1, 5, 6, 7], [1, 5, 7]], [[1, 5, 7]], [[3, 1, 2]], [[3, 1, 5, 6]], [[4, 5, 6, 7], [4, 5, 7]]]
child raw vertices [1, 2, 3, 4, 5, 6, 7, 8] arrows [(1, 2), (1, 3), (1, 5), (2, 7), (3, 2), (3, 6), (4, 5), (5, 6), (5, 7), (6, 7), (7, 8)]
  rels [[[1, 2], [1, 3, 2]], [[1, 2, 7], [1, 5, 6, 7], [1, 5, 7]], [[1, 3, 6], [1, 5, 6]], [[1, 5, 7]], [[4, 5, 6, 7], [4, 5, 7]]]
child reduced vertices [1, 2, 3, 4, 5, 6, 7, 8] arrows [(1, 3), (1, 5), (2, 7), (3, 2), (3, 6), (4, 5), (5, 6), (5, 7), (6, 7), (7, 8)]
  rels [[[1, 3, 2, 7], [1, 5, 6, 7], [1, 5, 7]], [[1, 3, 6], [1, 5, 6]], [[1, 5, 7]], [[4, 5, 6, 7], [4, 5, 7]]]
Cartan parent
[[1 0 1 0 0 0 0 0]
 [1 1 0 0 0 0 0 0]
 [0 0 1 0 0 0 0 0]
 [0 0 0 1 0 0 0 0]
 [1 0 1 1 1 0 0 0]
 [1 0 0 1 1 1 0 0]
 [1 1 0 1 2 1 1 0]
 [1 1 0 1 2 1 1 1]]
predicted
[[1 0 0 0 0 0 0 0]
 [1 1 1 0 0 0 0 0]
 [1 0 1 0 0 0 0 0]
 [0 0 0 1 0 0 0 0]
 [1 0 0 1 1 0 0 0]
 [1 0 1 1 1 1 0 0]
 [1 1 1 1 2 1 1 0]
 [1 1 1 1 2 1 1 1]]
child
[[1 0 0 0 0 0 0 0]
 [1 1 1 0 0 0 0 0]
 [1 0 1 0 0 0 0 0]
 [0 0 0 1 0 0 0 0]
 [1 0 0 1 1 0 0 0]
 [1 0 1 1 1 1 0 0]
 [1 1 2 1 2 1 1 0]
 [1 1 2 1 2 1 1 1]]
