216 230000 0 -1 1.0
217 230002 0 -1 0.7
218 230020 0 -1 0.7
219 230022 0 -1 0.5
220 230030 0 -1 0.9
221 230200 0 -1 0.6
222 230202 0 -1 0.4
223 230220 0 -1 0.3
224 230222 0 -1 0.2
225 230230 0 -1 0.4
226 230300 0 -1 0.7
227 230302 0 -1 0.4
228 230330 0 -1 0.7
229 230400 0 -1 0.8
230 233000 0 -1 1.1
231 233002 0 -1 0.8
232 233020 0 -1 0.7
233 233022 0 -1 0.4
234 233030 0 -1 0.9
235 233300 0 -1 0.7
236 233302 0 -1 0.4
237 233330 0 -1 0.5
238 233400 0 -1 0.8
239 234000 0 -1 1.1
240 234002 0 -1 0.7
241 234030 0 -1 1.0
242 234400 0 -1 0.7
243 235000 0 -1 1.1
244 240000 0 -1 1.0
245 240002 0 -1 0.7
246 240020 0 -1 0.6
247 240022 0 -1 0.4
248 240030 0 -1 0.7
249 240300 0 -1 1.0
250 240302 0 -1 0.7
251 240330 0 -1 0.8
252 240400 0 -1 1.1
253 244000 0 -1 1.1
254 244002 0 -1 0.8
255 244030 0 -1 0.8
256 244400 0 -1 1.0
257 245000 0 -1 1.1
258 250000 0 -1 1.0
259 250002 0 -1 0.6
260 250030 0 -1 1.0
261 250400 0 -1 1.2
262 255000 0 -1 1.0
263 260000 0 -1 1.0
264 300000 0 -1 1.5
265 300002 0 -1 1.1
266 300020 0 -1 1.1
267 300022 0 -1 0.8
268 300030 0 -1 1.3
269 300200 0 -1 1.1
270 300202 0 -1 0.9
271 300220 0 -1 0.7
272 300222 0 -1 0.5
273 300230 0 -1 0.9
274 300300 0 -1 1.5
275 300302 0 -1 0.9
276 300330 0 -1 1.3
277 300400 0 -1 1.4
278 302000 0 -1 1.0
279 302002 0 -1 0.7
280 302020 0 -1 0.8
281 302022 0 -1 0.5
282 302030 0 -1 1.2
283 302200 0 -1 0.9
284 302202 0 -1 0.6
285 302220 0 -1 0.7
286 302222 0 -1 0.4
287 302230 0 -1 0.6
288 302300 0 -1 1.4
289 302302 0 -1 0.5
290 302330 0 -1 0.9
291 302400 0 -1 1.1
292 303000 0 -1 1.5
293 303002 0 -1 1.6
294 303020 0 -1 1.1
295 303022 0 -1 0.6
296 303030 0 -1 1.2
297 303300 0 -1 1.5
298 303302 0 -1 1.3
299 303330 0 -1 0.8
300 303400 0 -1 1.6
301 304000 0 -1 1.6
302 304002 0 -1 0.7
303 304030 0 -1 1.5
304 304400 0 -1 1.7
305 305000 0 -1 1.4
306 330000 0 -1 1.7
307 330002 0 -1 1.3
308 330020 0 -1 1.6
309 330022 0 -1 1.1
310 330030 0 -1 1.7
311 330200 0 -1 1.5
312 330202 0 -1 0.9
313 330220 0 -1 1.1
314 330222 0 -1 0.4
315 330230 0 -1 0.8
316 330300 0 -1 1.8
317 330302 0 -1 0.7
318 330330 0 -1 1.2
319 330400 0 -1 1.2
320 333000 0 -1 1.0
321 333002 0 -1 0.8
322 333020 0 -1 0.6
323 333022 0 -1 0.4
