324 333030 34 1 1.0
325 333300 41 1 1.0
326 333302 24 1 0.5
327 333330 32 1 0.8
328 333400 45 1 1.1
329 334000 61 1 1.3
330 334002 36 1 0.7
331 334030 53 1 1.1
332 334400 55 1 0.9
333 335000 68 1 1.2
334 340000 82 1 1.5
335 340002 56 1 1.2
336 340020 43 1 1.1
337 340022 29 1 0.7
338 340030 61 1 1.3
339 340300 64 1 1.5
340 340302 41 1 1.0
341 340330 53 1 1.0
342 340400 80 1 1.6
343 344000 64 1 1.2
344 344002 37 1 0.8
345 344030 48 1 0.8
346 344400 68 1 1.2
347 345000 76 1 1.2
348 350000 89 1 1.6
349 350002 53 1 1.1
350 350030 78 1 1.5
351 350400 80 1 1.5
352 355000 75 1 1.1
353 360000 87 1 1.5
354 400000 64 1 1.7
355 400002 48 1 1.2
356 400020 39 1 1.2
357 400022 27 1 0.8
