0 000000 0 -1 2.3
1 000002 0 -1 1.5
2 000020 0 -1 1.5
3 000022 0 -1 0.8
4 000030 43 1 1.4
5 000200 0 -1 1.2
6 000202 0 -1 1.0
7 000220 0 -1 0.8
8 000222 0 -1 0.5
9 000230 16 1 1.0
10 000300 48 1 1.4
11 000302 25 1 0.9
12 000330 62 1 1.4
13 000400 64 1 1.6
14 002000 0 -1 1.2
15 002002 0 -1 0.9
16 002020 0 -1 0.9
17 002022 0 -1 0.6
18 002030 25 1 1.1
19 002200 0 -1 0.8
20 002202 0 -1 0.6
21 002220 0 -1 0.5
22 002222 0 -1 0.3
23 002230 9 1 0.6
24 002300 20 1 1.0
25 002302 8 2 0.6
26 002330 31 1 1.0
27 002400 26 1 1.0
28 003000 50 1 1.6
29 003002 33 1 1.3
30 003020 22 1 1.0
31 003022 15 1 0.6
32 003030 42 1 1.3
33 003300 66 1 1.8
34 003302 42 1 1.1
35 003330 47 1 1.1
