108 034002 0 -1 1.1
109 034030 0 -1 1.5
110 034400 0 -1 1.2
111 035000 0 -1 1.6
112 040000 0 -1 1.6
113 040002 0 -1 1.2
114 040020 0 -1 1.0
115 040022 0 -1 0.6
116 040030 0 -1 1.3
117 040300 0 -1 1.6
118 040302 0 -1 1.2
119 040330 0 -1 1.1
120 040400 0 -1 1.7
121 044000 0 -1 1.5
122 044002 0 -1 1.1
123 044030 0 -1 1.2
124 044400 0 -1 1.4
125 045000 0 -1 1.6
126 050000 0 -1 1.5
127 050002 0 -1 1.0
128 050030 0 -1 1.6
129 050400 0 -1 1.5
130 055000 0 -1 1.5
131 060000 0 -1 1.4
132 200000 0 -1 1.2
133 200002 0 -1 0.9
134 200020 0 -1 0.9
135 200022 0 -1 0.6
136 200030 0 -1 1.1
137 200200 0 -1 0.8
138 200202 0 -1 0.6
139 200220 0 -1 0.6
140 200222 0 -1 0.4
141 200230 0 -1 0.7
142 200300 0 -1 1.1
143 200302 0 -1 0.7
144 200330 0 -1 1.1
145 200400 0 -1 1.1
146 202000 0 -1 0.8
147 202002 0 -1 0.7
148 202020 0 -1 0.6
149 202022 0 -1 0.4
150 202030 0 -1 0.8
151 202200 0 -1 0.5
152 202202 0 -1 0.5
153 202220 0 -1 0.3
154 202222 0 -1 0.2
155 202230 0 -1 0.4
156 202300 0 -1 0.7
157 202302 0 -1 0.4
158 202330 0 -1 0.8
159 202400 0 -1 0.8
160 203000 0 -1 1.2
161 203002 0 -1 0.9
162 203020 0 -1 0.7
163 203022 0 -1 0.7
164 203030 0 -1 1.2
165 203300 0 -1 1.3
166 203302 0 -1 1.0
167 203330 0 -1 0.9
168 203400 0 -1 1.7
169 204000 0 -1 1.3
170 204002 0 -1 1.1
171 204030 0 -1 1.4
172 204400 0 -1 1.3
173 205000 0 -1 1.3
174 220000 0 -1 1.2
175 220002 0 -1 0.8
176 220020 0 -1 0.7
177 220022 0 -1 0.4
178 220030 0 -1 0.9
179 220200 0 -1 0.5
180 220202 0 -1 0.5
181 220220 0 -1 0.5
182 220222 0 -1 0.3
183 220230 0 -1 0.6
184 220300 0 -1 1.0
185 220302 0 -1 0.7
186 220330 0 -1 1.1
187 220400 0 -1 1.0
188 222000 0 -1 0.6
189 222002 0 -1 0.5
190 222020 0 -1 0.5
191 222022 0 -1 0.4
192 222030 0 -1 0.9
193 222200 0 -1 0.4
194 222202 0 -1 0.3
195 222220 0 -1 0.2
196 222222 0 -1 0.1
197 222230 0 -1 0.2
198 222300 0 -1 0.5
199 222302 0 -1 0.2
200 222330 0 -1 0.7
201 222400 0 -1 0.6
202 223000 0 -1 0.8
203 223002 0 -1 0.6
204 223020 0 -1 0.6
205 223022 0 -1 0.4
206 223030 0 -1 0.5
207 223300 0 -1 1.0
208 223302 0 -1 0.6
209 223330 0 -1 0.4
210 223400 0 -1 1.1
211 224000 0 -1 0.9
212 224002 0 -1 0.6
213 224030 0 -1 1.0
214 224400 0 -1 0.7
215 225000 0 -1 0.9
