324 333030 0 -1 0.8
325 333300 0 -1 0.7
326 333302 0 -1 0.5
327 333330 0 -1 0.5
328 333400 0 -1 0.8
329 334000 0 -1 1.2
330 334002 0 -1 0.7
331 334030 0 -1 1.1
332 334400 0 -1 0.9
333 335000 0 -1 1.2
334 340000 0 -1 1.6
335 340002 0 -1 1.3
336 340020 0 -1 1.0
337 340022 0 -1 0.7
338 340030 0 -1 1.3
339 340300 0 -1 1.5
340 340302 0 -1 1.1
341 340330 0 -1 1.0
342 340400 0 -1 1.6
343 344000 0 -1 1.2
344 344002 0 -1 0.8
345 344030 0 -1 0.9
346 344400 0 -1 1.1
347 345000 0 -1 1.3
348 350000 0 -1 1.5
349 350002 0 -1 1.1
350 350030 0 -1 1.5
351 350400 0 -1 1.5
352 355000 0 -1 1.1
353 360000 0 -1 1.5
354 400000 0 -1 1.5
355 400002 0 -1 1.2
356 400020 0 -1 1.2
357 400022 0 -1 0.9
358 400030 0 -1 1.4
359 400200 0 -1 1.0
360 400202 0 -1 0.8
361 400220 0 -1 0.7
362 400222 0 -1 0.4
363 400230 0 -1 0.7
364 400300 0 -1 1.4
365 400302 0 -1 0.8
366 400330 0 -1 1.2
367 400400 0 -1 1.4
368 403000 0 -1 1.6
369 403002 0 -1 1.3
370 403020 0 -1 1.1
371 403022 0 -1 0.7
372 403030 0 -1 1.4
373 403300 0 -1 1.2
374 403302 0 -1 1.0
375 403330 0 -1 1.1
376 403400 0 -1 1.6
377 404000 0 -1 1.9
378 404002 0 -1 1.7
379 404030 0 -1 2.2
380 404400 0 -1 1.7
381 405000 0 -1 2.4
382 440000 0 -1 2.0
383 440002 0 -1 1.6
384 440020 0 -1 1.7
385 440022 0 -1 1.0
386 440030 0 -1 2.0
387 440300 0 -1 1.2
388 440302 0 -1 0.9
389 440330 0 -1 1.1
390 440400 0 -1 1.8
391 444000 0 -1 2.0
392 444002 0 -1 1.1
393 444030 0 -1 1.3
394 444400 0 -1 1.3
395 445000 0 -1 1.9
396 450000 0 -1 2.1
397 450002 0 -1 1.8
398 450030 0 -1 1.7
399 450400 0 -1 1.3
400 455000 0 -1 1.4
401 460000 0 -1 1.6
402 500000 0 -1 1.5
403 500002 0 -1 1.2
404 500020 0 -1 1.1
405 500022 0 -1 0.7
406 500030 0 -1 1.3
407 500300 0 -1 1.6
408 500302 0 -1 1.1
409 500330 0 -1 1.1
410 500400 0 -1 1.6
411 504000 0 -1 1.6
412 504002 0 -1 1.2
413 504030 0 -1 1.2
414 504400 0 -1 1.5
415 505000 0 -1 1.6
416 550000 0 -1 1.5
417 550002 0 -1 1.0
418 550030 0 -1 1.1
419 550400 0 -1 1.5
420 555000 0 -1 1.4
421 560000 0 -1 1.5
422 600000 0 -1 1.4
423 600002 0 -1 1.0
424 600030 0 -1 1.6
425 600400 0 -1 1.5
426 605000 0 -1 1.5
427 660000 0 -1 1.4
428 700000 0 -1 1.4
