0 000000 0 -1 1.6
1 000002 0 -1 1.1
2 000020 0 -1 1.2
3 000022 0 -1 0.8
4 000030 0 -1 1.4
5 000200 0 -1 1.2
6 000202 0 -1 0.9
7 000220 0 -1 0.8
8 000222 0 -1 0.5
9 000230 0 -1 1.0
10 000300 0 -1 1.5
11 000302 0 -1 0.9
12 000330 0 -1 1.4
13 000400 0 -1 1.4
14 002000 0 -1 1.1
15 002002 0 -1 0.8
16 002020 0 -1 0.8
17 002022 0 -1 0.6
18 002030 0 -1 1.0
19 002200 0 -1 0.8
20 002202 0 -1 0.6
21 002220 0 -1 0.5
22 002222 0 -1 0.4
23 002230 0 -1 0.6
24 002300 0 -1 1.0
25 002302 0 -1 0.6
26 002330 0 -1 1.0
27 002400 0 -1 1.0
28 003000 0 -1 1.5
29 003002 0 -1 1.2
30 003020 0 -1 1.0
31 003022 0 -1 0.6
32 003030 0 -1 1.2
33 003300 0 -1 1.4
34 003302 0 -1 1.0
35 003330 0 -1 1.0
36 003400 0 -1 1.6
37 004000 0 -1 1.6
38 004002 0 -1 1.0
39 004030 0 -1 1.5
40 004400 0 -1 1.6
41 005000 0 -1 1.4
42 020000 0 -1 1.2
43 020002 0 -1 0.9
44 020020 0 -1 0.9
45 020022 0 -1 0.6
46 020030 0 -1 1.1
47 020200 0 -1 0.8
48 020202 0 -1 0.6
49 020220 0 -1 0.6
50 020222 0 -1 0.4
51 020230 0 -1 0.7
52 020300 0 -1 1.1
53 020302 0 -1 0.7
54 020330 0 -1 1.2
55 020400 0 -1 1.5
56 022000 0 -1 1.1
57 022002 0 -1 0.8
58 022020 0 -1 0.7
59 022022 0 -1 0.5
60 022030 0 -1 1.1
61 022200 0 -1 0.5
62 022202 0 -1 0.4
63 022220 0 -1 0.4
64 022222 0 -1 0.3
65 022230 0 -1 0.4
66 022300 0 -1 0.9
67 022302 0 -1 0.4
68 022330 0 -1 0.9
69 022400 0 -1 0.9
70 023000 0 -1 1.2
71 023002 0 -1 1.1
72 023020 0 -1 0.7
73 023022 0 -1 0.5
74 023030 0 -1 1.1
75 023300 0 -1 1.4
76 023302 0 -1 1.4
77 023330 0 -1 0.8
78 023400 0 -1 1.6
79 024000 0 -1 1.4
80 024002 0 -1 1.2
81 024030 0 -1 1.6
82 024400 0 -1 1.3
83 025000 0 -1 1.7
84 030000 0 -1 2.2
85 030002 0 -1 1.3
86 030020 0 -1 1.6
87 030022 0 -1 1.1
88 030030 0 -1 1.5
89 030200 0 -1 1.3
90 030202 0 -1 1.2
91 030220 0 -1 0.8
92 030222 0 -1 0.5
93 030230 0 -1 0.7
94 030300 0 -1 1.3
95 030302 0 -1 0.7
96 030330 0 -1 1.2
97 030400 0 -1 1.4
98 033000 0 -1 1.5
99 033002 0 -1 1.1
100 033020 0 -1 1.1
101 033022 0 -1 0.6
102 033030 0 -1 1.3
103 033300 0 -1 1.0
104 033302 0 -1 0.6
105 033330 0 -1 0.7
106 033400 0 -1 1.1
107 034000 0 -1 1.6
