108 034002 48 1 1.4
109 034030 64 1 2.2
110 034400 62 1 1.5
111 035000 87 1 1.6
112 040000 70 1 1.6
113 040002 47 1 1.2
114 040020 32 1 1.1
115 040022 21 1 0.7
116 040030 52 1 1.3
117 040300 82 1 1.7
118 040302 54 1 1.1
119 040330 61 1 1.2
120 040400 96 1 1.7
121 044000 96 1 1.5
122 044002 61 1 1.1
123 044030 64 1 1.2
124 044400 91 1 1.5
125 045000 105 1 1.6
126 050000 80 1 1.5
127 050002 40 1 1.0
128 050030 89 1 1.5
129 050400 106 1 1.6
130 055000 106 1 1.5
131 060000 78 1 1.5
132 200000 0 -1 1.5
133 200002 0 -1 1.4
134 200020 0 -1 0.9
135 200022 0 -1 0.6
136 200030 34 1 1.1
137 200200 0 -1 0.9
138 200202 0 -1 0.7
139 200220 0 -1 0.7
140 200222 0 -1 0.6
141 200230 12 1 1.0
142 200300 36 1 1.3
143 200302 18 1 0.8
144 200330 45 1 1.2
145 200400 48 1 2.7
146 202000 0 -1 1.9
147 202002 0 -1 1.1
148 202020 0 -1 1.0
149 202022 0 -1 1.0
150 202030 19 1 2.0
151 202200 0 -1 1.2
152 202202 0 -1 1.0
153 202220 0 -1 0.8
154 202222 0 -1 0.4
155 202230 7 1 0.9
156 202300 15 1 1.6
157 202302 6 2 1.0
158 202330 22 1 1.5
159 202400 19 1 1.7
160 203000 33 1 2.4
161 203002 20 1 1.4
162 203020 11 1 1.5
163 203022 7 1 0.9
164 203030 27 1 1.8
165 203300 44 1 2.0
166 203302 27 1 1.5
167 203330 30 1 1.3
168 203400 53 1 2.4
169 204000 47 1 1.9
170 204002 20 1 1.5
171 204030 56 1 2.6
172 204400 62 1 2.3
173 205000 55 1 2.2
174 220000 0 -1 1.5
175 220002 0 -1 1.2
176 220020 0 -1 1.2
177 220022 0 -1 0.8
178 220030 23 1 1.6
179 220200 0 -1 0.9
180 220202 0 -1 0.8
181 220220 0 -1 0.7
182 220222 0 -1 0.4
183 220230 8 1 0.9
184 220300 21 1 1.6
185 220302 9 1 1.1
186 220330 26 1 1.7
187 220400 27 1 1.8
188 222000 0 -1 1.1
189 222002 0 -1 0.7
190 222020 0 -1 0.5
191 222022 0 -1 0.3
192 222030 12 1 0.7
193 222200 0 -1 0.4
194 222202 0 -1 0.3
195 222220 0 -1 0.4
196 222222 0 -1 0.2
197 222230 4 1 0.5
198 222300 8 1 0.8
199 222302 3 2 0.3
200 222330 12 1 0.7
201 222400 8 1 1.0
202 223000 15 1 1.1
203 223002 7 1 1.0
204 223020 3 2 0.8
205 223022 2 3 0.4
206 223030 11 1 1.0
207 223300 24 1 1.3
208 223302 14 1 0.9
209 223330 15 1 0.6
210 223400 27 1 1.4
211 224000 21 1 1.4
212 224002 7 2 0.8
213 224030 29 1 1.8
214 224400 33 1 1.6
215 225000 24 1 1.6
