216 230000 25 1 1.4
217 230002 18 1 1.0
218 230020 13 1 0.9
219 230022 9 1 0.7
220 230030 28 1 1.1
221 230200 8 2 0.6
222 230202 6 2 0.4
223 230220 5 2 0.3
224 230222 3 2 0.2
225 230230 9 1 0.4
226 230300 22 1 0.8
227 230302 10 2 0.4
228 230330 28 1 0.7
229 230400 29 1 0.9
230 233000 42 1 1.1
231 233002 27 1 0.8
232 233020 20 1 0.8
233 233022 14 1 0.5
234 233030 36 1 1.0
235 233300 27 1 0.7
236 233302 14 1 0.4
237 233330 24 1 0.5
238 233400 38 1 0.8
239 234000 54 1 1.2
240 234002 30 1 0.7
241 234030 41 1 1.0
242 234400 38 1 0.8
243 235000 57 1 1.2
244 240000 35 1 1.0
245 240002 20 1 0.8
246 240020 12 2 0.6
247 240022 7 2 0.4
248 240030 25 1 0.8
249 240300 48 1 1.1
250 240302 30 1 0.8
251 240330 36 1 0.7
252 240400 59 1 1.1
253 244000 61 1 1.1
254 244002 36 1 0.9
255 244030 37 1 0.7
256 244400 57 1 1.0
257 245000 68 1 1.2
258 250000 40 1 1.0
259 250002 14 2 0.7
260 250030 53 1 1.6
261 250400 67 1 1.1
262 255000 68 1 1.1
263 260000 38 1 1.2
264 300000 43 1 1.6
265 300002 34 1 1.6
266 300020 30 1 1.2
267 300022 23 1 0.8
268 300030 58 1 1.6
269 300200 25 1 2.2
270 300202 19 1 1.5
271 300220 16 1 1.5
272 300222 12 1 1.2
273 300230 27 1 1.7
274 300300 49 1 2.8
275 300302 28 1 2.0
276 300330 56 1 3.0
277 300400 57 1 3.1
278 302000 16 1 2.0
279 302002 12 1 1.4
280 302020 11 1 1.1
281 302022 8 1 1.0
282 302030 27 1 1.8
283 302200 9 1 1.2
284 302202 7 1 0.9
285 302220 5 1 0.8
286 302222 4 1 0.5
287 302230 10 1 0.9
288 302300 18 1 1.5
289 302302 9 1 0.8
290 302330 24 1 1.5
291 302400 21 1 1.6
292 303000 42 1 3.0
293 303002 27 1 2.2
294 303020 18 1 1.5
295 303022 11 1 1.0
296 303030 28 1 2.0
297 303300 56 1 2.7
298 303302 36 1 2.1
299 303330 34 1 1.9
300 303400 56 1 3.0
301 304000 52 1 3.1
302 304002 25 1 1.5
303 304030 61 1 2.6
304 304400 68 1 2.6
305 305000 59 1 2.8
306 330000 62 1 2.4
307 330002 45 1 2.3
308 330020 37 1 2.5
309 330022 26 1 1.5
310 330030 56 1 2.6
311 330200 31 1 2.2
312 330202 22 1 1.5
313 330220 18 1 1.1
314 330222 12 1 0.6
315 330230 24 1 1.2
316 330300 50 1 1.9
317 330302 28 1 1.3
318 330330 56 1 2.2
319 330400 60 1 2.1
320 333000 47 1 1.3
321 333002 30 1 1.0
322 333020 22 1 1.0
323 333022 15 1 0.6
