222 9 merged 9 0 1
223 8 rigid 2 2 449
224 7 rigid 1 9 50
225 6 rigid 2 11 35
226 5 rigid 2 14 35
227 4 rigid 1 17 32
233 8 merged 8 5 11
234 7 merged 7 4 2386
235 6 merged 6 1 447
236 5 rigid 3 16 224
237 4 merged 4 3 501
244 7 merged 7 4 2386
245 6 rigid 2 18 1127
246 5 rigid 2 20 2116
247 4 rigid 1 4 2386
255 6 merged 6 1 447
256 5 rigid 2 20 2116
257 4 rigid 1 18 1127
266 5 merged 5 16 224
267 4 rigid 1 4 2386
277 4 merged 4 3 501
333 8 rigid 2 3 501
334 7 rigid 2 3 501
335 6 rigid 2 2 449
336 5 rigid 1 2 449
337 4 rigid 1 1 447
344 7 rigid 1 8 19
345 6 rigid 2 3 501
346 5 merged 5 4 2386
347 4 rigid 2 19 4217
355 6 rigid 2 12 71
356 5 rigid 2 3 501
357 4 rigid 1 18 1127
366 5 rigid 1 15 18
367 4 rigid 2 3 501
377 4 rigid 2 12 71
444 7 merged 7 4 2386
445 6 merged 6 4 2386
446 5 merged 5 4 2386
447 4 merged 4 4 2386
455 6 merged 6 1 447
456 5 merged 5 4 2386
457 4 merged 4 18 1127
466 5 rigid 3 2 449
467 4 merged 4 4 2386
477 4 merged 4 3 501
555 6 rigid 2 19 4217
556 5 rigid 2 19 4217
557 4 rigid 1 18 1127
566 5 rigid 1 21 493
567 4 rigid 2 19 4217
577 4 rigid 2 19 4217
666 5 rigid 1 22 962
667 4 rigid 2 20 2116
677 4 rigid 2 23 1132
777 4 rigid 2 19 4217
