222 11 merged 11 0 1
223 10 rigid 2 3 881
224 9 rigid 2 9 51
225 8 rigid 2 14 92
226 7 rigid 2 18 72
227 6 rigid 2 15 97
228 5 rigid 2 23 45
229 4 rigid 1 22 83
233 10 merged 10 6 13
234 9 merged 9 5 5648
235 8 merged 8 1 763
236 7 rigid 3 2 743
237 6 merged 6 3 881
238 5 rigid 3 24 412
239 4 merged 4 4 877
244 9 merged 9 5 5648
245 8 rigid 2 26 18157
246 7 rigid 2 29 4002
247 6 rigid 2 27 18416
248 5 rigid 2 32 9862
249 4 rigid 1 5 5648
255 8 merged 8 1 763
256 7 rigid 2 33 8742
257 6 rigid 2 34 2167
258 5 rigid 1 38 1175
259 4 rigid 1 27 18416
266 7 merged 7 20 390
267 6 rigid 2 27 18416
268 5 rigid 1 36 1175
269 4 rigid 1 33 8742
277 6 merged 6 3 881
278 5 rigid 2 32 9862
279 4 rigid 1 27 18416
288 5 merged 5 24 412
289 4 rigid 1 5 5648
299 4 merged 4 4 877
333 10 rigid 2 4 877
334 9 rigid 2 4 877
335 8 rigid 2 3 881
336 7 rigid 2 3 881
337 6 rigid 1 2 743
338 5 rigid 1 2 743
339 4 rigid 1 1 763
344 9 rigid 1 10 68
345 8 rigid 2 4 877
346 7 merged 7 5 5648
347 6 rigid 2 27 18416
348 5 rigid 1 30 4255
349 4 rigid 2 31 8693
355 8 rigid 2 15 97
356 7 rigid 2 4 877
357 6 rigid 2 26 18157
358 5 rigid 1 40 2257
359 4 rigid 1 35 2267
366 7 rigid 1 19 25
367 6 rigid 2 4 877
368 5 rigid 2 29 4002
369 4 rigid 1 39 2257
377 6 rigid 2 21 48
378 5 rigid 1 3 881
379 4 rigid 1 27 18416
388 5 rigid 1 18 72
389 4 rigid 1 3 881
399 4 rigid 2 14 92
444 9 merged 9 5 5648
445 8 merged 8 5 5648
446 7 merged 7 5 5648
447 6 merged 6 5 5648
448 5 merged 5 5 5648
449 4 merged 4 5 5648
455 8 merged 8 1 763
456 7 merged 7 5 5648
457 6 merged 6 25 2290
458 5 rigid 3 28 8794
459 4 merged 4 27 18416
466 7 rigid 3 20 390
467 6 merged 6 5 5648
468 5 rigid 3 26 18157
469 4 rigid 2 29 4002
477 6 merged 6 3 881
478 5 merged 5 5 5648
479 4 merged 4 27 18416
488 5 rigid 3 4 877
489 4 merged 4 5 5648
499 4 merged 4 4 877
555 8 rigid 2 27 18416
556 7 rigid 2 27 18416
557 6 rigid 2 26 18157
558 5 rigid 1 26 18157
559 4 rigid 1 25 2290
566 7 rigid 1 30 4255
567 6 rigid 2 27 18416
568 5 merged 5 28 8794
569 4 rigid 2 26 18157
577 6 rigid 2 31 8693
578 5 rigid 2 27 18416
579 4 rigid 1 27 18416
588 5 rigid 1 29 4002
589 4 rigid 2 27 18416
599 4 rigid 2 26 18157
666 7 rigid 1 30 4255
667 6 rigid 2 33 8742
668 5 rigid 2 33 8742
669 4 rigid 1 28 8794
677 6 rigid 2 35 2267
678 5 rigid 1 30 4255
679 4 merged 4 27 18416
688 5 rigid 1 37 2329
689 4 rigid 1 30 4255
699 4 rigid 1 40 2257
777 6 rigid 2 31 8693
778 5 rigid 2 31 8693
779 4 rigid 1 27 18416
788 5 rigid 1 41 1167
789 4 rigid 2 31 8693
799 4 rigid 2 37 2329
888 5 rigid 1 33 8742
889 4 rigid 2 32 9862
899 4 rigid 1 39 2257
999 4 rigid 2 26 18157
