222 10 merged 10 0 1
223 9 rigid 2 3 364
224 8 rigid 2 8 114
225 7 rigid 2 12 122
226 6 rigid 2 12 122
227 5 rigid 2 16 40
228 4 rigid 1 9 118
233 9 merged 9 6 12
234 8 merged 8 5 3767
235 7 rigid 3 1 320
236 6 merged 6 2 886
237 5 rigid 3 17 312
238 4 merged 4 4 491
244 8 merged 8 5 3767
245 7 rigid 2 19 11820
246 6 rigid 2 19 11820
247 5 rigid 2 22 4534
248 4 rigid 1 5 3767
255 7 merged 7 14 272
256 6 rigid 2 19 11820
257 5 rigid 2 23 810
258 4 rigid 1 19 11820
266 6 merged 6 2 886
267 5 rigid 2 22 4534
268 4 rigid 1 19 11820
277 5 merged 5 17 312
278 4 rigid 1 5 3767
288 4 merged 4 4 491
333 9 rigid 1 4 491
334 8 rigid 2 3 364
335 7 rigid 2 3 364
336 6 rigid 1 2 886
337 5 rigid 1 2 886
338 4 rigid 1 1 320
344 8 rigid 2 9 118
345 7 rigid 1 4 491
346 6 merged 6 5 3767
347 5 rigid 1 20 2179
348 4 rigid 2 21 7758
355 7 rigid 1 13 22
356 6 rigid 1 4 491
357 5 rigid 2 19 11820
358 4 rigid 2 26 790
366 6 rigid 2 15 63
367 5 rigid 2 3 364
368 4 rigid 1 19 11820
377 5 rigid 1 15 63
378 4 rigid 1 3 364
388 4 rigid 2 12 122
444 8 merged 8 5 3767
445 7 merged 7 5 3767
446 6 merged 6 5 3767
447 5 merged 5 5 3767
448 4 merged 4 5 3767
455 7 rigid 3 14 272
456 6 merged 6 5 3767
457 5 merged 5 18 1636
458 4 merged 4 19 11820
466 6 merged 6 2 886
467 5 merged 5 5 3767
468 4 merged 4 19 11820
477 5 rigid 3 3 364
478 4 merged 4 5 3767
488 4 merged 4 4 491
555 7 rigid 1 20 2179
556 6 rigid 2 19 11820
557 5 rigid 2 19 11820
558 4 rigid 1 18 1636
566 6 rigid 2 21 7758
567 5 rigid 1 20 2179
568 4 merged 4 19 11820
577 5 rigid 1 21 7758
578 4 rigid 1 20 2179
588 4 rigid 2 19 11820
666 6 rigid 2 21 7758
667 5 rigid 2 21 7758
668 4 rigid 1 19 11820
677 5 rigid 1 24 822
678 4 rigid 2 21 7758
688 4 rigid 2 25 2471
777 5 rigid 1 21 7758
778 4 rigid 2 22 4534
788 4 rigid 2 25 2471
888 4 rigid 2 19 11820
